6255,304144,82,13.3
6255,304144,83,55.9
6255,304144,84,58.3
6255,304144,85,19.2
6255,304144,86,56.0
6255,304144,87,55.9
6255,304144,88,55.8
6255,304144,89,55.7
6255,304144,90,55.7
6255,304144,91,55.6
6255,304144,92,55.5
6255,304144,93,55.4
6255,304144,94,55.3
6255,304144,95,55.2
6255,304144,96,55.0
6255,304144,97,55.0
6255,304144,98,55.0
6255,304144,99,54.8
6255,304144,100,54.7
6255,304144,101,54.6
6255,304144,102,54.5
6255,304144,103,54.5
6255,304144,104,54.4
6255,304144,105,54.2
6255,304144,106,54.1
6255,304144,107,54.4
6255,304144,108,54.5
6255,304144,109,54.3
6255,304144,110,54.1
6255,304144,111,53.8
6255,304144,112,54.3
6255,304144,113,53.9
6255,304144,114,53.8
6255,304144,115,53.7
6255,304144,116,53.6
6255,304144,117,53.7
6255,304144,118,53.7
6255,304144,119,53.4
6255,304144,120,53.3
6255,304144,121,53.3
6255,304144,122,53.2
6255,304144,123,53.4
6255,304144,124,53.0
6255,304144,125,52.9
6255,304144,126,54.7
6255,304144,127,54.7
6255,304144,128,54.6
6255,304144,129,54.5
6255,304144,130,54.5
6255,304144,131,54.7
6255,304144,132,54.7
6255,304144,133,54.3
6255,304144,134,54.5
6255,304144,135,54.5
6255,304144,136,54.4
6255,304144,137,54.4
6255,304144,138,54.3
6255,304144,139,54.3
6255,304144,140,54.2
6255,304144,141,54.1
6255,304144,142,54.0
6255,304144,143,53.9
6255,304144,144,53.7
6255,304144,145,53.7
6255,304144,146,53.7
6255,304144,147,53.6
6255,304144,148,53.4
6255,304144,149,53.4
6255,304144,150,53.4
6255,304144,151,53.5
6255,304144,152,53.4
6255,304144,153,53.3
6255,304144,154,53.2
6255,304144,155,53.2
6255,304144,156,53.5
6255,304144,157,53.4
6255,304144,158,53.3
6255,304144,159,53.3
6255,304144,160,53.3
6255,304144,161,53.2
6255,304144,162,53.1
6255,304144,163,53.1
6255,304144,164,53.1
6255,304144,165,54.9
6255,304144,166,54.8
6255,304144,167,54.8
6255,304144,168,54.7
6255,304144,169,54.5
6255,304144,170,54.4
6255,304144,171,54.4
6255,304144,172,54.4
6255,304144,173,54.4
6255,304144,174,54.3
6255,304144,175,54.3
6255,304144,176,54.1
6255,304144,177,54.0
6255,304144,178,53.9
6255,304144,179,53.9
6255,304144,180,53.8
6255,304144,181,53.7
6255,304144,182,53.9
6255,304144,183,53.9
6255,304144,184,53.8
6255,304144,185,53.6
6255,304144,186,53.6
6255,304144,187,53.6
6255,304144,188,53.6
6255,304144,189,53.4
6255,304144,190,53.4
6255,304144,191,53.5
6255,304144,192,53.4
6255,304144,193,53.4
6255,304144,194,53.4
6255,304144,195,53.3
6255,304144,196,53.2
6255,304144,197,53.3
6255,304144,198,53.1
6255,304144,199,53.1
6255,304144,200,52.9
6255,304144,201,54.4
6255,304144,202,54.4
6255,304144,203,54.4
6255,304144,204,54.3
6255,304144,205,54.3
6255,304144,206,54.2
6255,304144,207,54.1
6255,304144,208,54.1
6255,304144,209,54.0
6255,304144,210,54.0
6255,304144,211,54.1
6255,304144,212,54.1
6255,304144,213,53.8
6255,304144,214,53.8
6255,304144,215,53.8
6255,304144,216,53.8
6255,304144,217,53.6
6255,304144,218,53.6
6255,304144,219,53.6
6255,304144,220,53.5
6255,304144,221,53.5
6255,304144,222,53.4
6255,304144,223,53.3
6255,304144,224,53.3
6255,304144,225,53.3
6255,304144,226,53.3
6255,304144,227,53.2
6255,304144,228,53.2
6255,304144,229,53.1
6255,304144,230,53.0
6255,304144,231,53.0
6255,304144,232,54.2
6255,304144,233,54.1
6255,304144,234,54.1
6255,304144,235,54.1
6255,304144,236,53.8
6255,304144,237,54.0
6255,304144,238,54.1
6255,304144,239,53.9
6255,304144,240,53.9
6255,304144,241,53.9
6255,304144,242,53.8
6255,304144,243,53.8
6255,304144,244,53.8
6255,304144,245,53.8
6255,304144,246,53.8
6255,304144,247,53.7
6255,304144,248,53.7
6255,304144,249,53.6
6255,304144,250,53.6
6255,304144,251,53.6
6255,304144,252,53.5
6255,304144,253,53.5
6255,304144,254,53.4
6255,304144,255,53.5
6255,304144,256,53.4
6255,304144,257,53.4
6255,304144,258,53.4
6255,304144,259,53.3
6255,304144,260,53.3
6255,304144,261,53.2
6255,304144,262,53.1
6255,304144,263,53.4
6255,304144,264,53.5
6255,304144,265,53.3
6255,304144,266,53.3
6255,304144,267,53.3
6255,304144,268,53.2
6255,304144,269,53.2
6255,304144,270,53.3
6255,304144,271,53.2
6255,304144,272,53.2
6255,304144,273,53.1
6255,304144,274,53.1
6255,304144,275,53.1
6255,304144,276,53.7
6255,304144,277,53.8
6255,304144,278,53.6
6255,304144,279,53.6
6255,304144,280,53.6
6255,304144,281,53.6
6255,304144,282,53.6
6255,304144,283,53.5
6255,304144,284,53.4
6255,304144,285,53.4
6255,304144,286,53.4
6255,304144,287,53.2
6255,304144,288,53.3
6255,304144,289,53.3
6255,304144,290,53.2
6255,304144,291,53.2
6255,304144,292,53.1
6255,304144,293,53.1
6255,304144,294,53.6
6255,304144,295,53.5
6255,304144,296,53.5
6255,304144,297,53.4
6255,304144,298,53.4
6255,304144,299,53.4
6255,304144,300,53.4
6255,304144,301,53.3
6255,304144,302,53.3
6255,304144,303,53.3
6255,304144,304,53.2
6255,304144,305,53.2
6255,304144,306,53.2
6255,304144,307,53.1
6255,304144,308,53.1
6255,304144,309,53.1
6255,304144,310,53.2
6255,304144,311,53.2
6255,304144,312,53.2
6255,304144,313,53.1
6255,304144,314,53.1
6255,304144,315,53.0
6255,304144,316,52.9
6255,304144,317,52.9
6255,304144,318,52.9
6255,304144,319,52.9
6255,304144,320,52.9
6255,304144,321,52.9
6255,304144,322,52.9
6255,304144,323,52.8
6255,304144,324,52.8
6255,304144,325,52.7
6255,304144,326,52.7
6255,304144,327,52.7
6255,304144,328,52.7
6255,304144,329,52.6
6255,304144,330,52.6
6255,304144,331,52.5
6255,304144,332,52.5
6255,304144,333,51.3
6255,304144,334,52.5
6255,304144,335,52.4
6255,304144,336,52.4
6255,304144,337,52.3
6255,304144,338,52.3
6255,304144,339,52.3
6255,304144,340,52.3
6255,304144,341,52.3
6255,304144,342,52.2
6255,304144,343,52.2
6255,304144,344,53.4
6255,304144,345,53.5
6255,304144,346,53.4
6255,304144,347,53.4
6255,304144,348,53.3
6255,304144,349,53.3
6255,304144,350,51.6
6255,304144,351,53.5
6255,304144,352,53.5
6255,304144,353,53.4
6255,304144,354,53.4
6255,304144,355,53.4
6255,304144,356,53.3
6255,304144,357,53.3
6255,304144,358,53.3
6255,304144,359,53.2
6255,304144,360,53.2
6255,304144,361,53.1
6255,304144,362,53.1
6255,304144,363,53.1
6255,304144,364,53.0
6255,304144,365,52.9
6255,304144,366,53.1
6255,304144,367,53.0
6255,304144,368,53.0
6255,304144,369,52.9
6255,304144,370,52.9
6255,304144,371,52.9
6255,304144,372,52.9
6255,304144,373,52.8
6255,304144,374,52.8
6255,304144,375,52.7
6255,304144,376,52.7
6255,304144,377,52.7
6255,304144,378,52.7
6255,304144,379,52.6
6255,304144,380,52.6
6255,304144,381,52.6
6255,304144,382,52.6
6255,304144,383,52.5
6255,304144,384,52.5
6255,304144,385,52.5
6255,304144,386,52.4
6255,304144,387,52.4
6255,304144,388,52.3
6255,304144,389,52.3
6255,304144,390,52.3
6255,304144,391,52.2
6255,304144,392,52.2
6255,304144,393,52.2
6255,304144,394,52.2
6255,304144,395,52.1
6255,304144,396,52.1
6255,304144,397,52.1
6255,304144,398,52.0
6255,304144,399,52.0
6255,304144,400,52.0
6255,304144,401,52.0
6255,304144,402,51.9
6255,304144,403,51.9
6255,304144,404,51.9
6255,304144,405,51.8
6255,304144,406,51.8
6255,304144,407,51.8
6255,304144,408,51.7
6255,304144,409,51.7
6255,304144,410,51.7
6255,304144,411,51.7
6255,304144,412,51.7
6255,304144,413,51.7
6255,304144,414,51.6
6255,304144,415,51.5
6255,304144,416,51.5
6255,304144,417,51.5
6255,304144,418,51.5
6255,304144,419,51.4
6255,304144,420,51.3
6255,304144,421,51.4
6255,304144,422,51.3
6255,304144,423,51.3
6255,304144,424,51.3
6255,304144,425,51.2
6255,304144,426,51.2
6255,304144,427,51.2
6255,304144,428,51.2
6255,304144,429,51.1
6255,304144,430,51.1
6255,304144,431,51.1
6255,304144,432,51.1
6255,304144,433,51.0
6255,304144,434,51.0
6255,304144,435,51.0
6255,304144,436,50.9
6255,304144,437,50.9
6255,304144,438,50.8
6255,304144,439,50.9
6255,304144,440,50.8
6255,304144,441,50.8
6255,304144,442,50.7
6255,304144,443,50.8
6255,304144,444,50.7
6255,304144,445,50.7
6255,304144,446,50.7
6255,304144,447,50.6
6255,304144,448,50.6
6255,304144,449,50.6
6255,304144,450,50.6
6255,304144,451,50.5
6255,304144,452,50.5
6255,304144,453,50.5
6255,304144,454,50.4
6255,304144,455,50.4
6255,304144,456,50.4
6255,304144,457,50.3
6255,304144,458,50.3
6255,304144,459,50.1
6255,304144,460,50.1
6255,304144,461,50.1
6255,304144,462,50.1
6255,304144,463,50.1
6255,304144,464,50.0
6255,304144,465,50.0
6255,304144,466,50.0
6255,304144,467,50.0
6255,304144,468,49.9
6255,304144,469,49.9
6255,304144,470,49.9
6255,304144,471,49.9
6255,304144,472,49.8
6255,304144,473,49.8
6255,304144,474,49.8
6255,304144,475,49.7
6255,304144,476,49.7
6255,304144,477,49.7
6255,304144,478,49.6
6255,304144,479,49.6
6255,304144,480,49.6
6255,304144,481,49.6
6255,304144,482,49.6
6255,304144,483,49.5
6255,304144,484,49.5
6255,304144,485,49.5
6255,304144,486,49.5
6255,304144,487,49.4
6255,304144,488,49.4
6255,304144,489,49.4
6255,304144,490,49.4
6255,304144,491,49.3
6255,304144,492,49.3
6255,304144,493,49.3
6255,304144,494,49.3
6255,304144,495,49.3
6255,304144,496,49.2
6255,304144,497,49.2
6255,304144,498,49.1
6255,304144,499,49.1
6255,304144,500,49.1
6255,304144,501,49.0
6255,304144,502,49.0
6255,304144,503,49.0
6255,304144,504,49.0
6255,304144,505,48.9
6255,304144,506,48.9
6255,304144,507,48.9
6255,304144,508,48.8
6255,304144,509,48.8
6255,304144,510,48.8
6255,304144,511,48.8
6255,304144,512,48.7
6255,304144,513,48.7
6255,304144,514,48.7
6255,304144,515,48.6
6255,304144,516,48.7
6255,304144,517,48.6
6255,304144,518,48.6
6255,304144,519,48.6
6255,304144,520,48.5
6255,304144,521,48.5
6255,304144,522,48.5
6255,304144,523,48.5
6255,304144,524,48.4
6255,304144,525,48.4
6255,304144,526,48.4
6255,304144,527,48.3
6255,304144,528,48.4
6255,304144,529,48.3
6255,304144,530,48.2
6255,304144,531,48.2
6255,304144,532,48.2
6255,304144,533,48.1
6255,304144,534,48.1
6255,304144,535,48.1
6255,304144,536,48.1
6255,304144,537,48.1
6255,304144,538,48.0
6255,304144,539,48.0
6255,304144,540,48.0
6255,304144,541,48.0
6255,304144,542,47.9
6255,304144,543,47.9
6255,304144,544,47.9
6255,304144,545,47.8
6255,304144,546,47.8
6255,304144,547,47.8
6255,304144,548,47.7
6255,304144,549,47.8
6255,304144,550,47.7
6255,304144,551,47.7
6255,304144,552,47.7
6255,304144,553,47.6
6255,304144,554,47.7
6255,304144,555,47.6
6255,304144,556,47.6
6255,304144,557,47.6
6255,304144,558,47.5
6255,304144,559,47.5
6255,304144,560,47.5
6255,304144,561,47.4
6255,304144,562,47.4
6255,304144,563,47.4
6255,304144,564,47.4
6255,304144,565,47.3
6255,304144,566,47.3
6255,304144,567,47.3
6255,304144,568,47.2
6255,304144,569,47.2
6255,304144,570,47.2
6255,304144,571,47.2
6255,304144,572,47.1
6255,304144,573,47.1
6255,304144,574,47.1
6255,304144,575,47.1
6255,304144,576,47.1
6255,304144,577,47.0
6255,304144,578,47.0
6255,304144,579,47.0
6255,304144,580,46.9
6255,304144,581,46.9
6255,304144,582,46.9
6255,304144,583,46.9
6255,304144,584,47.1
6255,304144,585,47.7
6255,304144,586,47.7
6255,304144,587,47.8
6255,304144,588,43.7
6255,304144,589,47.4
6255,304144,590,47.6
6255,304144,591,47.6
6255,304144,592,47.3
6255,304144,593,48.2
6255,304144,594,48.1
6255,304144,595,48.1
6255,304144,596,48.1
6255,304144,597,48.0
6255,304144,598,48.0
6255,304144,599,48.0
6255,304144,600,48.0
6255,304144,601,47.9
6255,304144,602,47.9
6255,304144,603,47.9
6255,304144,604,47.9
6255,304144,605,47.8
6255,304144,606,47.8
6255,304144,607,47.8
6255,304144,608,47.7
6255,304144,609,47.7
6255,304144,610,47.7
6255,304144,611,47.7
6255,304144,612,47.6
6255,304144,613,47.6
6255,304144,614,47.6
6255,304144,615,47.6
6255,304144,616,47.5
6255,304144,617,47.5
6255,304144,618,47.5
6255,304144,619,47.5
6255,304144,620,47.5
6255,304144,621,47.4
6255,304144,622,47.4
6255,304144,623,47.4
6255,304144,624,47.3
6255,304144,625,47.3
6255,304144,626,47.3
6255,304144,627,47.2
6255,304144,628,47.2
6255,304144,629,47.2
6255,304144,630,47.2
6255,304144,631,47.1
6255,304144,632,47.1
6255,304144,633,47.1
6255,304144,634,47.1
6255,304144,635,47.1
6255,304144,636,47.0
6255,304144,637,47.0
6255,304144,638,46.9
6255,304144,639,47.0
6255,304144,640,46.9
6255,304144,641,46.9
6255,304144,642,46.8
6255,304144,643,46.8
6255,304144,644,46.8
6255,304144,645,46.8
6255,304144,646,46.8
6255,304144,647,46.7
6255,304144,648,46.7
6255,304144,649,46.7
6255,304144,650,46.7
6255,304144,651,46.6
6255,304144,652,46.6
6255,304144,653,46.6
6255,304144,654,46.5
6255,304144,655,46.4
6255,304144,656,46.5
6255,304144,657,46.5
6255,304144,658,46.4
6255,304144,659,46.4
6255,304144,660,46.4
6255,304144,661,46.4
6255,304144,662,46.4
6255,304144,663,46.3
6255,304144,664,46.3
6255,304144,665,46.3
6255,304144,666,46.2
6255,304144,667,46.2
6255,304144,668,46.2
6255,304144,669,46.2
6255,304144,670,46.1
6255,304144,671,46.1
6255,304144,672,46.0
6255,304144,673,46.0
6255,304144,674,46.0
6255,304144,675,46.0
6255,304144,676,45.9
6255,304144,677,45.9
6255,304144,678,45.9
6255,304144,679,45.9
6255,304144,680,45.9
6255,304144,681,45.9
6255,304144,682,45.8
6255,304144,683,45.8
6255,304144,684,45.8
6255,304144,685,45.8
6255,304144,686,45.7
6255,304144,687,45.7
6255,304144,688,45.7
6255,304144,689,45.7
6255,304144,690,45.7
6255,304144,691,45.6
6255,304144,692,45.6
6255,304144,693,45.6
6255,304144,694,45.6
6255,304144,695,45.5
6255,304144,696,45.5
6255,304144,697,45.5
6255,304144,698,45.5
6255,304144,699,45.4
6255,304144,700,45.4
6255,304144,701,45.4
6255,304144,702,45.4
6255,304144,703,45.3
6255,304144,704,45.3
6255,304144,705,45.3
6255,304144,706,45.3
6255,304144,707,45.3
6255,304144,708,45.3
6255,304144,709,45.2
6255,304144,710,45.2
6255,304144,711,45.2
6255,304144,712,45.1
6255,304144,713,45.1
6255,304144,714,45.1
6255,304144,715,45.0
6255,304144,716,45.0
6255,304144,717,45.0
6255,304144,718,45.0
6255,304144,719,45.0
6255,304144,720,45.0
6255,304144,721,44.9
6255,304144,722,44.9
6255,304144,723,44.9
6255,304144,724,44.9
6255,304144,725,44.8
6255,304144,726,44.8
6255,304144,727,44.8
6255,304144,728,44.7
6255,304144,729,44.7
6255,304144,730,44.7
6255,304144,731,44.7
6255,304144,732,44.7
6255,304144,733,44.6
6255,304144,734,44.6
6255,304144,735,44.6
6255,304144,736,44.6
6255,304144,737,44.5
6255,304144,738,44.5
6255,304144,739,44.5
6255,304144,740,44.4
6255,304144,741,44.4
6255,304144,742,44.4
6255,304144,743,44.4
6255,304144,744,44.4
6255,304144,745,44.3
6255,304144,746,44.3
6255,304144,747,44.3
6255,304144,748,44.3
6255,304144,749,44.3
6255,304144,750,44.2
6255,304144,751,44.2
6255,304144,752,44.2
6255,304144,753,44.2
6255,304144,754,44.1
6255,304144,755,44.0
6255,304144,756,44.1
6255,304144,757,44.1
6255,304144,758,44.0
6255,304144,759,44.1
6255,304144,760,44.0
6255,304144,761,44.0
6255,304144,762,43.9
6255,304144,763,43.9
6255,304144,764,43.9
6255,304144,765,43.9
6255,304144,766,43.9
6255,304144,767,43.7
6255,304144,768,43.9
6255,304144,769,43.8
6255,304144,770,43.8
6255,304144,771,43.8
6255,304144,772,43.8
6255,304144,773,43.7
6255,304144,774,43.7
6255,304144,775,43.7
6255,304144,776,43.7
6255,304144,777,43.7
6255,304144,778,43.6
6255,304144,779,43.6
6255,304144,780,43.5
6255,304144,781,43.5
6255,304144,782,43.5
6255,304144,783,43.5
6255,304144,784,43.4
6255,304144,785,43.4
6255,304144,786,43.4
6255,304144,787,43.4
6255,304144,788,43.4
6255,304144,789,43.3
6255,304144,790,43.3
6255,304144,791,43.3
6255,304144,792,43.3
6255,304144,793,43.3
6255,304144,794,43.3
6255,304144,795,43.2
6255,304144,796,43.2
6255,304144,797,43.2
6255,304144,798,43.2
6255,304144,799,43.1
6255,304144,800,43.1
6255,304144,801,43.1
6255,304144,802,43.1
6255,304144,803,43.1
6255,304144,804,43.0
6255,304144,805,43.0
6255,304144,806,43.0
6255,304144,807,43.0
6255,304144,808,42.9
6255,304144,809,42.9
6255,304144,810,42.9
6255,304144,811,42.9
6255,304144,812,42.9
6255,304144,813,42.8
6255,304144,814,42.8
6255,304144,815,42.8
6255,304144,816,42.8
6255,304144,817,42.7
6255,304144,818,42.7
6255,304144,819,42.7
6255,304144,820,42.7
6255,304144,821,42.7
6255,304144,822,42.6
6255,304144,823,42.6
6255,304144,824,42.6
6255,304144,825,42.5
6255,304144,826,42.5
6255,304144,827,42.5
6255,304144,828,42.5
6255,304144,829,42.4
6255,304144,830,42.4
6255,304144,831,42.4
6255,304144,832,42.4
6255,304144,833,42.4
6255,304144,834,42.3
6255,304144,835,42.3
6255,304144,836,42.3
6255,304144,837,42.3
6255,304144,838,42.3
6255,304144,839,42.2
6255,304144,840,42.2
6255,304144,841,42.2
6255,304144,842,42.1
6255,304144,843,42.1
6255,304144,844,42.1
6255,304144,845,42.1
6255,304144,846,42.1
6255,304144,847,42.1
6255,304144,848,42.0
6255,304144,849,42.0
6255,304144,850,42.0
6255,304144,851,42.0
6255,304144,852,42.0
6255,304144,853,41.9
6255,304144,854,41.9
6255,304144,855,41.9
6255,304144,856,41.9
6255,304144,857,41.9
6255,304144,858,41.8
6255,304144,859,41.8
6255,304144,860,41.8
6255,304144,861,41.8
6255,304144,862,41.7
6255,304144,863,41.7
6255,304144,864,41.7
6255,304144,865,41.7
6255,304144,866,41.6
6255,304144,867,41.6
6255,304144,868,41.6
6255,304144,869,41.6
6255,304144,870,41.6
6255,304144,871,41.5
6255,304144,872,41.5
6255,304144,873,41.5
6255,304144,874,41.5
6255,304144,875,41.5
6255,304144,876,41.5
6255,304144,877,41.4
6255,304144,878,41.4
6255,304144,879,41.4
6255,304144,880,41.4
6255,304144,881,41.4
6255,304144,882,41.3
6255,304144,883,41.3
6255,304144,884,41.3
6255,304144,885,41.3
6255,304144,886,41.2
6255,304144,887,41.2
6255,304144,888,41.2
6255,304144,889,41.1
6255,304144,890,41.1
6255,304144,891,41.1
6255,304144,892,41.1
6255,304144,893,41.1
6255,304144,894,41.1
6255,304144,895,41.0
6255,304144,896,41.0
6255,304144,897,41.0
6255,304144,898,41.0
6255,304144,899,41.0
6255,304144,900,40.9
6255,304144,901,40.9
6255,304144,902,40.9
6255,304144,903,40.9
6255,304144,904,40.8
6255,304144,905,40.8
6255,304144,906,40.8
6255,304144,907,40.8
6255,304144,908,40.8
6255,304144,909,40.7
6255,304144,910,40.7
6255,304144,911,40.8
6255,304144,912,40.7
6255,304144,913,40.6
6255,304144,914,40.6
6255,304144,915,40.6
6255,304144,916,40.6
6255,304144,917,40.6
6255,304144,918,40.6
6255,304144,919,40.5
6255,304144,920,40.5
6255,304144,921,40.5
6255,304144,922,40.5
6255,304144,923,40.4
6255,304144,924,40.4
6255,304144,925,40.4
6255,304144,926,40.4
6255,304144,927,40.4
6255,304144,928,40.3
6255,304144,929,40.3
6255,304144,930,40.3
6255,304144,931,40.3
6255,304144,932,40.3
6255,304144,933,40.2
6255,304144,934,40.2
6255,304144,935,40.2
6255,304144,936,40.2
6255,304144,937,40.1
6255,304144,938,40.1
6255,304144,939,40.1
6255,304144,940,40.1
6255,304144,941,40.1
6255,304144,942,40.0
6255,304144,943,40.0
6255,304144,944,40.0
6255,304144,945,40.0
6255,304144,946,40.0
6255,304144,947,39.9
6255,304144,948,39.9
6255,304144,949,39.9
6255,304144,950,39.9
6255,304144,951,39.9
6255,304144,952,39.9
6255,304144,953,39.8
6255,304144,954,39.8
6255,304144,955,39.8
6255,304144,956,39.8
6255,304144,957,39.7
6255,304144,958,39.7
6255,304144,959,39.7
6255,304144,960,39.7
6255,304144,961,39.6
6255,304144,962,39.6
6255,304144,963,39.6
6255,304144,964,39.6
6255,304144,965,39.6
6255,304144,966,39.6
6255,304144,967,39.5
6255,304144,968,39.5
6255,304144,969,39.5
6255,304144,970,39.5
6255,304144,971,39.5
6255,304144,972,39.4
6255,304144,973,39.4
6255,304144,974,39.4
6255,304144,975,39.4
6255,304144,976,39.4
6255,304144,977,39.4
6255,304144,978,39.3
6255,304144,979,39.3
6255,304144,980,39.3
6255,304144,981,39.3
6255,304144,982,39.2
6255,304144,983,39.2
6255,304144,984,39.2
6255,304144,985,39.2
6255,304144,986,39.2
6255,304144,987,39.1
6255,304144,988,39.1
6255,304144,989,39.1
6255,304144,990,39.1
6255,304144,991,39.1
6255,304144,992,39.1
6255,304144,993,39.1
6255,304144,994,39.1
6255,304144,995,39.0
6255,304144,996,39.0
6255,304144,997,38.9
6255,304144,998,38.9
6255,304144,999,38.9
6255,304144,1000,38.9
6255,304144,1001,38.8
6255,304144,1002,38.8
6255,304144,1003,38.8
6255,304144,1004,38.8
6255,304144,1005,38.5
6255,304144,1006,38.6
6255,304144,1007,38.7
6255,304144,1008,38.7
6255,304144,1009,38.6
6255,304144,1010,38.7
6255,304144,1011,38.6
6255,304144,1012,38.6
6255,304144,1013,38.6
6255,304144,1014,38.6
6255,304144,1015,38.6
6255,304144,1016,38.6
6255,304144,1017,38.6
6255,304144,1018,38.5
6255,304144,1019,38.5
6255,304144,1020,38.5
6255,304144,1021,38.5
6255,304144,1022,38.5
6255,304144,1023,38.5
6255,304144,1024,38.4
6255,304144,1025,38.4
6255,304144,1026,38.4
6255,304144,1027,38.4
6255,304144,1028,38.3
6255,304144,1029,38.4
6255,304144,1030,38.3
6255,304144,1031,38.3
6255,304144,1032,38.7
6255,304144,1033,38.9
6255,304144,1034,38.9
6255,304144,1035,35.2
6255,304144,1036,38.8
6255,304144,1037,36.5
6255,304144,1038,35.2
6255,304144,1039,37.2
6255,304144,1040,39.4
6255,304144,1041,39.4
6255,304144,1042,39.4
6255,304144,1043,39.4
6255,304144,1044,39.3
6255,304144,1045,39.3
6255,304144,1046,39.3
6255,304144,1047,39.3
6255,304144,1048,39.2
6255,304144,1049,39.2
6255,304144,1050,39.2
6255,304144,1051,39.2
6255,304144,1052,39.2
6255,304144,1053,39.2
6255,304144,1054,39.1
6255,304144,1055,39.1
6255,304144,1056,39.1
6255,304144,1057,39.1
6255,304144,1058,39.1
6255,304144,1059,39.0
6255,304144,1060,39.0
6255,304144,1061,39.0
6255,304144,1062,39.0
6255,304144,1063,39.0
6255,304144,1064,38.9
6255,304144,1065,38.9
6255,304144,1066,38.9
6255,304144,1067,38.9
6255,304144,1068,38.8
6255,304144,1069,38.8
6255,304144,1070,38.8
6255,304144,1071,38.8
6255,304144,1072,38.8
6255,304144,1073,38.7
6255,304144,1074,38.7
6255,304144,1075,38.7
6255,304144,1076,38.7
6255,304144,1077,38.7
6255,304144,1078,38.6
6255,304144,1079,38.6
6255,304144,1080,38.6
6255,304144,1081,38.6
6255,304144,1082,38.6
6255,304144,1083,38.6
6255,304144,1084,38.6
6255,304144,1085,38.5
6255,304144,1086,38.5
6255,304144,1087,38.5
6255,304144,1088,38.5
6255,304144,1089,38.5
6255,304144,1090,38.3
6255,304144,1091,38.4
6255,304144,1092,38.4
6255,304144,1093,38.3
6255,304144,1094,38.4
6255,304144,1095,38.3
6255,304144,1096,38.3
6255,304144,1097,38.3
6255,304144,1098,38.3
6255,304144,1099,38.3
6255,304144,1100,38.2
6255,304144,1101,38.3
6255,304144,1102,38.2
6255,304144,1103,38.2
6255,304144,1104,38.2
6255,304144,1105,38.1
6255,304144,1106,38.1
6255,304144,1107,38.1
6255,304144,1108,38.1
6255,304144,1109,38.1
6255,304144,1110,38.1
6255,304144,1111,38.0
6255,304144,1112,38.0
6255,304144,1113,38.0
6255,304144,1114,38.0
6255,304144,1115,38.0
6255,304144,1116,38.0
6255,304144,1117,37.9
6255,304144,1118,37.9
6255,304144,1119,37.9
6255,304144,1120,37.9
6255,304144,1121,37.9
6255,304144,1122,37.9
6255,304144,1123,37.8
6255,304144,1124,37.8
6255,304144,1125,37.8
6255,304144,1126,37.8
6255,304144,1127,37.8
6255,304144,1128,37.7
6255,304144,1129,37.7
6255,304144,1130,37.7
6255,304144,1131,37.7
6255,304144,1132,37.7
6255,304144,1133,37.6
6255,304144,1134,37.6
6255,304144,1135,37.6
6255,304144,1136,37.6
6255,304144,1137,37.6
6255,304144,1138,37.6
6255,304144,1139,37.5
6255,304144,1140,37.5
6255,304144,1141,37.5
6255,304144,1142,37.5
6255,304144,1143,37.5
6255,304144,1144,37.4
6255,304144,1145,37.4
6255,304144,1146,37.4
6255,304144,1147,37.3
6255,304144,1148,37.3
6255,304144,1149,37.3
6255,304144,1150,37.3
6255,304144,1151,37.3
6255,304144,1152,37.3
6255,304144,1153,37.2
6255,304144,1154,37.2
6255,304144,1155,37.2
6255,304144,1156,37.2
6255,304144,1157,37.2
6255,304144,1158,37.2
6255,304144,1159,37.1
6255,304144,1160,37.1
6255,304144,1161,37.1
6255,304144,1162,37.1
6255,304144,1163,37.1
6255,304144,1164,37.1
6255,304144,1165,37.1
6255,304144,1166,37.0
6255,304144,1167,37.0
6255,304144,1168,37.0
6255,304144,1169,37.0
6255,304144,1170,37.0
6255,304144,1171,36.9
6255,304144,1172,36.9
6255,304144,1173,36.9
6255,304144,1174,36.9
6255,304144,1175,36.9
6255,304144,1176,36.9
6255,304144,1177,36.8
6255,304144,1178,36.8
6255,304144,1179,36.8
6255,304144,1180,36.8
6255,304144,1181,36.8
6255,304144,1182,36.7
6255,304144,1183,36.7
6255,304144,1184,36.7
6255,304144,1185,36.7
6255,304144,1186,36.7
6255,304144,1187,36.7
6255,304144,1188,36.7
6255,304144,1189,36.6
6255,304144,1190,36.6
6255,304144,1191,36.6
6255,304144,1192,36.6
6255,304144,1193,36.6
6255,304144,1194,36.5
6255,304144,1195,36.5
6255,304144,1196,36.5
6255,304144,1197,36.5
6255,304144,1198,36.5
6255,304144,1199,36.5
6255,304144,1200,36.4
6255,304144,1201,36.4
6255,304144,1202,36.4
6255,304144,1203,36.4
6255,304144,1204,36.4
6255,304144,1205,36.3
6255,304144,1206,36.3
6255,304144,1207,36.3
6255,304144,1208,36.3
6255,304144,1209,36.3
6255,304144,1210,36.3
6255,304144,1211,36.3
6255,304144,1212,36.2
6255,304144,1213,36.2
6255,304144,1214,36.2
6255,304144,1215,36.2
6255,304144,1216,36.2
6255,304144,1217,36.1
6255,304144,1218,36.1
6255,304144,1219,36.1
6255,304144,1220,36.1
6255,304144,1221,36.1
6255,304144,1222,36.1
6255,304144,1223,36.1
6255,304144,1224,36.0
6255,304144,1225,36.0
6255,304144,1226,36.0
6255,304144,1227,36.0
6255,304144,1228,36.0
6255,304144,1229,36.0
6255,304144,1230,35.9
6255,304144,1231,35.9
6255,304144,1232,35.9
6255,304144,1233,35.9
6255,304144,1234,35.9
6255,304144,1235,35.9
6255,304144,1236,35.8
6255,304144,1237,35.8
6255,304144,1238,35.8
6255,304144,1239,35.8
6255,304144,1240,35.8
6255,304144,1241,35.8
6255,304144,1242,35.7
6255,304144,1243,35.7
6255,304144,1244,35.7
6255,304144,1245,35.7
6255,304144,1246,35.7
6255,304144,1247,35.7
6255,304144,1248,35.6
6255,304144,1249,35.6
6255,304144,1250,35.6
6255,304144,1251,35.6
6255,304144,1252,35.5
6255,304144,1253,35.5
6255,304144,1254,35.5
6255,304144,1255,35.5
6255,304144,1256,35.5
6255,304144,1257,35.5
6255,304144,1258,35.4
6255,304144,1259,35.4
6255,304144,1260,35.4
6255,304144,1261,35.4
6255,304144,1262,35.3
6255,304144,1263,35.4
6255,304144,1264,35.4
6255,304144,1265,35.3
6255,304144,1266,35.3
6255,304144,1267,35.3
6255,304144,1268,35.3
6255,304144,1269,35.3
6255,304144,1270,35.2
6255,304144,1271,35.2
6255,304144,1272,35.2
6255,304144,1273,35.2
6255,304144,1274,35.2
6255,304144,1275,35.2
6255,304144,1276,35.1
6255,304144,1277,35.1
6255,304144,1278,35.1
6255,304144,1279,35.1
6255,304144,1280,35.1
6255,304144,1281,35.1
6255,304144,1282,35.0
6255,304144,1283,35.0
6255,304144,1284,35.0
6255,304144,1285,35.0
6255,304144,1286,35.0
6255,304144,1287,35.0
6255,304144,1288,34.9
6255,304144,1289,34.9
6255,304144,1290,34.9
6255,304144,1291,34.9
6255,304144,1292,34.9
6255,304144,1293,34.9
6255,304144,1294,34.9
6255,304144,1295,34.8
6255,304144,1296,34.8
6255,304144,1297,34.8
6255,304144,1298,34.8
6255,304144,1299,34.8
6255,304144,1300,34.8
6255,304144,1301,34.7
6255,304144,1302,34.7
6255,304144,1303,34.7
6255,304144,1304,34.7
6255,304144,1305,34.7
6255,304144,1306,34.7
6255,304144,1307,34.6
6255,304144,1308,34.6
6255,304144,1309,34.6
6255,304144,1310,34.6
6255,304144,1311,34.6
6255,304144,1312,34.6
6255,304144,1313,34.5
6255,304144,1314,34.5
6255,304144,1315,34.5
6255,304144,1316,34.5
6255,304144,1317,34.5
6255,304144,1318,34.5
6255,304144,1319,34.5
6255,304144,1320,34.5
6255,304144,1321,34.4
6255,304144,1322,34.4
6255,304144,1323,34.4
6255,304144,1324,34.4
6255,304144,1325,34.4
6255,304144,1326,34.4
6255,304144,1327,34.4
6255,304144,1328,34.3
6255,304144,1329,34.3
6255,304144,1330,34.3
6255,304144,1331,34.3
6255,304144,1332,34.3
6255,304144,1333,33.3
6255,304144,1334,33.2
6255,304144,1335,33.2
6255,304144,1336,33.0
6255,304144,1337,33.1
6255,304144,1338,33.1
6255,304144,1339,33.0
6255,304144,1340,33.0
6255,304144,1341,32.9
6255,304144,1342,33.0
6255,304144,1343,32.9
6255,304144,1344,32.8
6255,304144,1345,32.8
6255,304144,1346,32.8
6255,304144,1347,32.8
6255,304144,1348,32.8
6255,304144,1349,32.8
6255,304144,1350,32.8
6255,304144,1351,32.7
6255,304144,1352,32.7
6255,304144,1353,32.7
6255,304144,1354,32.7
6255,304144,1355,32.7
6255,304144,1356,32.6
6255,304144,1357,32.6
6255,304144,1358,32.3
6255,304144,1359,32.4
6255,304144,1360,32.4
6255,304144,1361,32.4
6255,304144,1362,32.4
6255,304144,1363,32.3
6255,304144,1364,32.3
6255,304144,1365,32.3
6255,304144,1366,32.3
6255,304144,1367,32.2
6255,304144,1368,32.2
6255,304144,1369,32.2
6255,304144,1370,32.2
6255,304144,1371,32.2
6255,304144,1372,32.1
6255,304144,1373,32.1
6255,304144,1374,32.1
6255,304144,1375,32.1
6255,304144,1376,32.1
6255,304144,1377,32.1
6255,304144,1378,32.0
6255,304144,1379,32.0
6255,304144,1380,32.0
6255,304144,1381,32.0
6255,304144,1382,32.1
6255,304144,1383,29.2
6255,304144,1384,31.8
6255,304144,1385,32.0
6255,304144,1386,31.0
6255,304144,1387,29.8
6255,304144,1388,32.3
6255,304144,1389,32.2
6255,304144,1390,32.2
6255,304144,1391,32.2
6255,304144,1392,32.2
6255,304144,1393,32.2
6255,304144,1394,32.2
6255,304144,1395,32.2
6255,304144,1396,32.2
6255,304144,1397,32.1
6255,304144,1398,32.1
6255,304144,1399,32.1
6255,304144,1400,32.1
6255,304144,1401,32.1
6255,304144,1402,32.1
6255,304144,1403,32.1
6255,304144,1404,32.0
6255,304144,1405,32.0
6255,304144,1406,32.0
6255,304144,1407,32.0
6255,304144,1408,32.0
6255,304144,1409,32.0
6255,304144,1410,32.0
6255,304144,1411,31.9
6255,304144,1412,31.9
6255,304144,1413,31.9
6255,304144,1414,31.9
6255,304144,1415,31.9
6255,304144,1416,31.9
6255,304144,1417,31.9
6255,304144,1418,31.8
6255,304144,1419,31.8
6255,304144,1420,31.8
6255,304144,1421,31.8
6255,304144,1422,31.8
6255,304144,1423,31.8
6255,304144,1424,31.8
6255,304144,1425,31.7
6255,304144,1426,31.7
6255,304144,1427,31.7
6255,304144,1428,31.7
6255,304144,1429,31.7
6255,304144,1430,31.7
6255,304144,1431,31.7
6255,304144,1432,31.7
6255,304144,1433,31.6
6255,304144,1434,31.7
6255,304144,1435,31.6
6255,304144,1436,31.6
6255,304144,1437,31.6
6255,304144,1438,31.5
6255,304144,1439,31.6
6255,304144,1440,31.5
6255,304144,1441,31.5
6255,304144,1442,31.5
6255,304144,1443,31.5
6255,304144,1444,31.5
6255,304144,1445,31.5
6255,304144,1446,31.4
6255,304144,1447,31.5
6255,304144,1448,31.4
6255,304144,1449,31.4
6255,304144,1450,31.4
6255,304144,1451,31.4
6255,304144,1452,31.3
6255,304144,1453,31.4
6255,304144,1454,31.3
6255,304144,1455,31.3
6255,304144,1456,31.3
6255,304144,1457,31.3
6255,304144,1458,31.3
6255,304144,1459,31.3
6255,304144,1460,31.3
6255,304144,1461,31.3
6255,304144,1462,31.3
6255,304144,1463,31.2
6255,304144,1464,31.2
6255,304144,1465,31.2
6255,304144,1466,31.2
6255,304144,1467,31.2
6255,304144,1468,31.2
6255,304144,1469,31.2
6255,304144,1470,31.2
6255,304144,1471,31.1
6255,304144,1472,31.1
6255,304144,1473,31.1
6255,304144,1474,31.1
6255,304144,1475,31.0
6255,304144,1476,31.1
6255,304144,1477,31.0
6255,304144,1478,31.1
6255,304144,1479,31.0
6255,304144,1480,31.0
6255,304144,1481,31.0
6255,304144,1482,31.0
6255,304144,1483,31.0
6255,304144,1484,30.9
6255,304144,1485,30.9
6255,304144,1486,30.9
6255,304144,1487,30.9
6255,304144,1488,30.9
6255,304144,1489,30.9
6255,304144,1490,30.9
6255,304144,1491,30.9
6255,304144,1492,30.8
6255,304144,1493,30.8
6255,304144,1494,30.8
6255,304144,1495,30.8
6255,304144,1496,30.8
6255,304144,1497,30.8
6255,304144,1498,30.8
6255,304144,1499,30.8
6255,304144,1500,30.7
6255,304144,1501,30.7
6255,304144,1502,30.7
6255,304144,1503,30.7
6255,304144,1504,30.7
6255,304144,1505,30.7
6255,304144,1506,30.7
6255,304144,1507,30.6
6255,304144,1508,30.6
6255,304144,1509,30.6
6255,304144,1510,30.6
6255,304144,1511,30.6
6255,304144,1512,30.6
6255,304144,1513,30.6
6255,304144,1514,30.5
6255,304144,1515,30.5
6255,304144,1516,30.5
6255,304144,1517,30.5
6255,304144,1518,30.5
6255,304144,1519,30.5
6255,304144,1520,30.5
6255,304144,1521,30.5
6255,304144,1522,30.4
6255,304144,1523,30.4
6255,304144,1524,30.4
6255,304144,1525,30.4
6255,304144,1526,30.4
6255,304144,1527,30.4
6255,304144,1528,30.4
6255,304144,1529,30.4
6255,304144,1530,30.3
6255,304144,1531,30.3
6255,304144,1532,30.3
6255,304144,1533,30.3
6255,304144,1534,30.3
6255,304144,1535,30.3
6255,304144,1536,30.3
6255,304144,1537,30.2
6255,304144,1538,30.2
6255,304144,1539,30.2
6255,304144,1540,30.2
6255,304144,1541,30.2
6255,304144,1542,30.2
6255,304144,1543,30.2
6255,304144,1544,30.2
6255,304144,1545,30.1
6255,304144,1546,30.1
6255,304144,1547,30.1
6255,304144,1548,30.1
6255,304144,1549,30.1
6255,304144,1550,30.1
6255,304144,1551,30.1
6255,304144,1552,30.0
6255,304144,1553,30.0
6255,304144,1554,30.0
6255,304144,1555,30.0
6255,304144,1556,30.0
6255,304144,1557,30.0
6255,304144,1558,30.0
6255,304144,1559,30.0
6255,304144,1560,29.9
6255,304144,1561,29.9
6255,304144,1562,29.9
6255,304144,1563,29.9
6255,304144,1564,29.9
6255,304144,1565,29.9
6255,304144,1566,29.9
6255,304144,1567,29.8
6255,304144,1568,29.8
6255,304144,1569,29.8
6255,304144,1570,29.8
6255,304144,1571,29.8
6255,304144,1572,29.7
6255,304144,1573,29.8
6255,304144,1574,29.7
6255,304144,1575,29.7
6255,304144,1576,29.7
6255,304144,1577,29.7
6255,304144,1578,29.7
6255,304144,1579,29.7
6255,304144,1580,29.7
6255,304144,1581,29.7
6255,304144,1582,29.6
6255,304144,1583,29.7
6255,304144,1584,29.7
6255,304144,1585,29.6
6255,304144,1586,29.6
6255,304144,1587,29.6
6255,304144,1588,29.6
6255,304144,1589,29.6
6255,304144,1590,29.5
6255,304144,1591,29.5
6255,304144,1592,29.5
6255,304144,1593,29.5
6255,304144,1594,29.5
6255,304144,1595,29.5
6255,304144,1596,29.5
6255,304144,1597,29.5
6255,304144,1598,29.5
6255,304144,1599,29.4
6255,304144,1600,29.4
6255,304144,1601,29.4
6255,304144,1602,29.4
6255,304144,1603,29.4
6255,304144,1604,29.3
6255,304144,1605,29.3
6255,304144,1606,29.3
6255,304144,1607,29.3
6255,304144,1608,29.3
6255,304144,1609,29.3
6255,304144,1610,29.3
6255,304144,1611,29.3
6255,304144,1612,29.2
6255,304144,1613,29.2
6255,304144,1614,29.2
6255,304144,1615,29.2
6255,304144,1616,29.2
6255,304144,1617,29.2
6255,304144,1618,29.2
6255,304144,1619,29.2
6255,304144,1620,29.1
6255,304144,1621,29.1
6255,304144,1622,29.1
6255,304144,1623,29.1
6255,304144,1624,29.1
6255,304144,1625,29.1
6255,304144,1626,29.1
6255,304144,1627,29.0
6255,304144,1628,29.0
6255,304144,1629,29.0
6255,304144,1630,28.8
6255,304144,1631,28.7
6255,304144,1632,28.7
6255,304144,1633,28.7
6255,304144,1634,28.7
6255,304144,1635,28.7
6255,304144,1636,28.7
6255,304144,1637,28.7
6255,304144,1638,28.6
6255,304144,1639,28.6
6255,304144,1640,28.6
6255,304144,1641,28.6
6255,304144,1642,28.5
6255,304144,1643,28.6
6255,304144,1644,28.6
6255,304144,1645,28.6
6255,304144,1646,28.6
6255,304144,1647,28.6
6255,304144,1648,28.5
6255,304144,1649,28.5
6255,304144,1650,28.5
6255,304144,1651,28.5
6255,304144,1652,28.5
6255,304144,1653,28.4
6255,304144,1654,28.5
6255,304144,1655,28.5
6255,304144,1656,28.5
6255,304144,1657,28.5
6255,304144,1658,28.5
6255,304144,1659,28.5
6255,304144,1660,28.4
6255,304144,1661,28.4
6255,304144,1662,28.4
6255,304144,1663,28.4
6255,304144,1664,28.3
6255,304144,1665,28.2
6255,304144,1666,28.3
6255,304144,1667,28.3
6255,304144,1668,28.3
6255,304144,1669,28.3
6255,304144,1670,28.4
6255,304144,1671,28.3
6255,304144,1672,28.3
6255,304144,1673,28.3
6255,304144,1674,28.2
6255,304144,1675,28.3
6255,304144,1676,28.2
6255,304144,1677,28.2
6255,304144,1678,28.2
6255,304144,1679,28.2
6255,304144,1680,28.2
6255,304144,1681,28.2
6255,304144,1682,28.1
6255,304144,1683,28.1
6255,304144,1684,28.1
6255,304144,1685,28.1
6255,304144,1686,28.1
6255,304144,1687,28.1
6255,304144,1688,28.0
6255,304144,1689,28.0
6255,304144,1690,28.0
6255,304144,1691,28.1
6255,304144,1692,28.0
6255,304144,1693,27.9
6255,304144,1694,28.0
6255,304144,1695,28.0
6255,304144,1696,28.0
6255,304144,1697,27.9
6255,304144,1698,27.9
6255,304144,1699,27.9
6255,304144,1700,27.9
6255,304144,1701,27.9
6255,304144,1702,27.9
6255,304144,1703,27.9
6255,304144,1704,27.9
6255,304144,1705,27.9
6255,304144,1706,27.9
6255,304144,1707,27.8
6255,304144,1708,27.8
6255,304144,1709,27.8
6255,304144,1710,27.8
6255,304144,1711,27.8
6255,304144,1712,27.8
6255,304144,1713,27.8
6255,304144,1714,27.8
6255,304144,1715,27.7
6255,304144,1716,27.7
6255,304144,1717,27.7
6255,304144,1718,27.7
6255,304144,1719,27.7
6255,304144,1720,27.7
6255,304144,1721,27.7
6255,304144,1722,27.7
6255,304144,1723,27.7
6255,304144,1724,27.6
6255,304144,1725,27.6
6255,304144,1726,27.6
6255,304144,1727,27.6
6255,304144,1728,27.6
6255,304144,1729,27.6
6255,304144,1730,27.5
6255,304144,1731,27.5
6255,304144,1732,27.5
6255,304144,1733,27.5
6255,304144,1734,27.5
6255,304144,1735,27.5
6255,304144,1736,27.5
6255,304144,1737,27.5
6255,304144,1738,27.5
6255,304144,1739,27.4
6255,304144,1740,27.5
6255,304144,1741,27.4
6255,304144,1742,27.3
6255,304144,1743,27.4
6255,304144,1744,27.4
6255,304144,1745,27.4
6255,304144,1746,27.3
6255,304144,1747,27.4
6255,304144,1748,27.3
6255,304144,1749,27.3
6255,304144,1750,27.3
6255,304144,1751,27.3
6255,304144,1752,27.3
6255,304144,1753,27.3
6255,304144,1754,27.3
6255,304144,1755,27.2
6255,304144,1756,27.3
6255,304144,1757,27.3
6255,304144,1758,27.3
6255,304144,1759,27.3
6255,304144,1760,27.3
6255,304144,1761,27.2
6255,304144,1762,27.2
6255,304144,1763,27.2
6255,304144,1764,27.2
6255,304144,1765,27.2
6255,304144,1766,27.2
6255,304144,1767,27.2
6255,304144,1768,27.2
6255,304144,1769,27.2
6255,304144,1770,27.2
6255,304144,1771,27.2
6255,304144,1772,27.1
6255,304144,1773,27.1
6255,304144,1774,27.1
6255,304144,1775,27.1
6255,304144,1776,27.1
6255,304144,1777,27.1
6255,304144,1778,27.1
6255,304144,1779,27.1
6255,304144,1780,27.1
6255,304144,1781,27.1
6255,304144,1782,27.0
6255,304144,1783,27.0
6255,304144,1784,27.0
6255,304144,1785,27.0
6255,304144,1786,27.0
6255,304144,1787,27.0
6255,304144,1788,27.0
6255,304144,1789,26.9
6255,304144,1790,26.9
6255,304144,1791,26.9
6255,304144,1792,26.9
6255,304144,1793,26.9
6255,304144,1794,26.9
6255,304144,1795,26.9
6255,304144,1796,26.9
6255,304144,1797,26.9
6255,304144,1798,26.9
6255,304144,1799,26.8
6255,304144,1800,26.8
6255,304144,1801,26.8
6255,304144,1802,26.8
6255,304144,1803,26.8
6255,304144,1804,26.8
6255,304144,1805,26.8
6255,304144,1806,26.8
6255,304144,1807,26.8
6255,304144,1808,26.8
6255,304144,1809,26.7
6255,304144,1810,26.7
6255,304144,1811,26.7
6255,304144,1812,26.7
6255,304144,1813,26.7
6255,304144,1814,26.7
6255,304144,1815,26.7
6255,304144,1816,26.7
6255,304144,1817,26.6
6255,304144,1818,26.6
6255,304144,1819,26.6
6255,304144,1820,26.6
6255,304144,1821,26.6
6255,304144,1822,26.6
6255,304144,1823,26.6
6255,304144,1824,26.6
6255,304144,1825,26.6
6255,304144,1826,26.6
6255,304144,1827,26.6
6255,304144,1828,26.5
6255,304144,1829,26.5
6255,304144,1830,26.5
6255,304144,1831,26.5
6255,304144,1832,26.5
6255,304144,1833,26.5
6255,304144,1834,26.5
6255,304144,1835,26.5
6255,304144,1836,26.5
6255,304144,1837,26.4
6255,304144,1838,26.4
6255,304144,1839,26.4
6255,304144,1840,26.4
6255,304144,1841,26.4
6255,304144,1842,26.4
6255,304144,1843,26.4
6255,304144,1844,26.3
6255,304144,1845,26.3
6255,304144,1846,26.3
6255,304144,1847,26.3
6255,304144,1848,26.3
6255,304144,1849,26.3
6255,304144,1850,26.2
6255,304144,1851,26.2
6255,304144,1852,26.2
6255,304144,1853,26.2
6255,304144,1854,26.2
6255,304144,1855,26.2
6255,304144,1856,26.2
6255,304144,1857,26.2
6255,304144,1858,26.2
6255,304144,1859,26.2
6255,304144,1860,26.2
6255,304144,1861,26.2
6255,304144,1862,26.2
6255,304144,1863,26.2
6255,304144,1864,26.2
6255,304144,1865,26.2
6255,304144,1866,26.2
6255,304144,1867,26.1
6255,304144,1868,26.1
6255,304144,1869,26.1
6255,304144,1870,25.9
6255,304144,1871,26.1
6255,304144,1872,26.1
6255,304144,1873,26.1
6255,304144,1874,26.1
6255,304144,1875,26.1
6255,304144,1876,26.1
6255,304144,1877,26.1
6255,304144,1878,26.0
6255,304144,1879,26.0
6255,304144,1880,26.0
6255,304144,1881,26.0
6255,304144,1882,26.0
6255,304144,1883,26.0
6255,304144,1884,25.9
6255,304144,1885,25.9
6255,304144,1886,25.9
6255,304144,1887,25.9
6255,304144,1888,25.9
6255,304144,1889,25.9
6255,304144,1890,25.9
6255,304144,1891,25.8
6255,304144,1892,25.8
6255,304144,1893,25.8
6255,304144,1894,25.8
6255,304144,1895,25.8
6255,304144,1896,25.8
6255,304144,1897,25.8
6255,304144,1898,25.8
6255,304144,1899,25.8
6255,304144,1900,25.8
6255,304144,1901,25.8
6255,304144,1902,25.8
6255,304144,1903,25.8
6255,304144,1904,25.8
6255,304144,1905,25.7
6255,304144,1906,25.7
6255,304144,1907,25.7
6255,304144,1908,25.7
6255,304144,1909,25.7
6255,304144,1910,25.7
6255,304144,1911,25.7
6255,304144,1912,25.6
6255,304144,1913,25.6
6255,304144,1914,25.6
6255,304144,1915,25.6
6255,304144,1916,25.6
6255,304144,1917,25.6
6255,304144,1918,25.6
6255,304144,1919,25.5
6255,304144,1920,25.5
6255,304144,1921,25.5
6255,304144,1922,25.5
6255,304144,1923,25.5
6255,304144,1924,25.5
6255,304144,1925,25.5
6255,304144,1926,25.5
6255,304144,1927,25.5
6255,304144,1928,25.5
6255,304144,1929,25.5
6255,304144,1930,26.2
6255,304144,1931,26.1
6255,304144,1932,26.1
6255,304144,1933,25.2
6255,304144,1934,25.2
6255,304144,1935,26.0
6255,304144,1936,26.0
6255,304144,1937,26.0
6255,304144,1938,26.1
6255,304144,1939,26.1
6255,304144,1940,26.1
6255,304144,1941,26.1
6255,304144,1942,26.0
6255,304144,1943,26.1
6255,304144,1944,26.0
6255,304144,1945,26.0
6255,304144,1946,26.0
6255,304144,1947,26.0
6255,304144,1948,26.0
6255,304144,1949,26.0
6255,304144,1950,25.9
6255,304144,1951,25.9
6255,304144,1952,25.9
6255,304144,1953,25.9
6255,304144,1954,25.9
6255,304144,1955,25.9
6255,304144,1956,25.9
6255,304144,1957,25.9
6255,304144,1958,25.9
6255,304144,1959,25.9
6255,304144,1960,25.8
6255,304144,1961,25.9
6255,304144,1962,25.8
6255,304144,1963,25.8
6255,304144,1964,25.8
6255,304144,1965,25.8
6255,304144,1966,25.8
6255,304144,1967,25.8
6255,304144,1968,25.8
6255,304144,1969,25.7
6255,304144,1970,25.7
6255,304144,1971,25.7
6255,304144,1972,25.7
6255,304144,1973,25.7
6255,304144,1974,25.7
6255,304144,1975,25.7
6255,304144,1976,25.7
6255,304144,1977,25.6
6255,304144,1978,25.6
6255,304144,1979,25.6
6255,304144,1980,25.6
6255,304144,1981,25.6
6255,304144,1982,25.6
6255,304144,1983,25.6
6255,304144,1984,25.6
6255,304144,1985,25.6
6255,304144,1986,25.6
6255,304144,1987,25.5
6255,304144,1988,25.5
6255,304144,1989,25.5
6255,304144,1990,25.5
6255,304144,1991,25.5
6255,304144,1992,25.5
6255,304144,1993,25.5
6255,304144,1994,25.5
6255,304144,1995,25.5
6255,304144,1996,25.5
6255,304144,1997,25.4
6255,304144,1998,25.4
6255,304144,1999,25.4
6255,304144,2000,25.4
6255,304144,2001,25.4
6255,304144,2002,25.4
6255,304144,2003,25.4
6255,304144,2004,25.4
6255,304144,2005,25.3
6255,304144,2006,25.3
6255,304144,2007,25.3
6255,304144,2008,25.3
6255,304144,2009,25.3
6255,304144,2010,25.3
6255,304144,2011,25.3
6255,304144,2012,25.3
6255,304144,2013,25.3
6255,304144,2014,25.2
6255,304144,2015,25.2
6255,304144,2016,25.2
6255,304144,2017,25.2
6255,304144,2018,25.2
6255,304144,2019,25.2
6255,304144,2020,25.2
6255,304144,2021,25.2
6255,304144,2022,25.2
6255,304144,2023,25.1
6255,304144,2024,25.1
6255,304144,2025,25.1
6255,304144,2026,25.1
6255,304144,2027,25.1
6255,304144,2028,25.1
6255,304144,2029,25.1
6255,304144,2030,25.1
6255,304144,2031,25.0
6255,304144,2032,25.0
6255,304144,2033,25.0
6255,304144,2034,25.0
6255,304144,2035,25.0
6255,304144,2036,25.0
6255,304144,2037,25.0
6255,304144,2038,25.0
6255,304144,2039,25.0
6255,304144,2040,24.9
6255,304144,2041,24.9
6255,304144,2042,24.9
6255,304144,2043,24.9
6255,304144,2044,24.9
6255,304144,2045,24.9
6255,304144,2046,24.9
6255,304144,2047,24.9
6255,304144,2048,24.9
6255,304144,2049,24.9
6255,304144,2050,24.9
6255,304144,2051,24.9
6255,304144,2052,24.8
6255,304144,2053,24.8
6255,304144,2054,24.8
6255,304144,2055,24.8
6255,304144,2056,24.8
6255,304144,2057,24.8
6255,304144,2058,24.8
6255,304144,2059,24.8
6255,304144,2060,24.8
6255,304144,2061,24.8
6255,304144,2062,24.7
6255,304144,2063,24.7
6255,304144,2064,24.7
6255,304144,2065,24.7
6255,304144,2066,24.7
6255,304144,2067,24.7
6255,304144,2068,24.7
6255,304144,2069,24.7
6255,304144,2070,24.6
6255,304144,2071,24.6
6255,304144,2072,24.6
6255,304144,2073,24.6
6255,304144,2074,24.6
6255,304144,2075,24.6
6255,304144,2076,24.6
6255,304144,2077,24.6
6255,304144,2078,24.6
6255,304144,2079,24.6
6255,304144,2080,24.5
6255,304144,2081,24.5
6255,304144,2082,24.5
6255,304144,2083,24.5
6255,304144,2084,24.5
6255,304144,2085,24.5
6255,304144,2086,24.5
6255,304144,2087,24.4
6255,304144,2088,24.4
6255,304144,2089,24.4
6255,304144,2090,24.3
6255,304144,2091,24.4
6255,304144,2092,24.4
6255,304144,2093,24.4
6255,304144,2094,24.4
6255,304144,2095,24.4
6255,304144,2096,24.4
6255,304144,2097,24.4
6255,304144,2098,24.4
6255,304144,2099,24.3
6255,304144,2100,24.3
6255,304144,2101,24.3
6255,304144,2102,24.3
6255,304144,2103,24.3
6255,304144,2104,24.3
6255,304144,2105,24.3
6255,304144,2106,24.3
6255,304144,2107,24.2
6255,304144,2108,24.2
6255,304144,2109,24.2
6255,304144,2110,24.2
6255,304144,2111,24.2
6255,304144,2112,24.2
6255,304144,2113,24.2
6255,304144,2114,24.2
6255,304144,2115,24.2
6255,304144,2116,24.2
6255,304144,2117,24.1
6255,304144,2118,24.1
6255,304144,2119,24.1
6255,304144,2120,24.1
6255,304144,2121,24.1
6255,304144,2122,24.1
6255,304144,2123,24.1
6255,304144,2124,24.1
6255,304144,2125,24.1
6255,304144,2126,24.1
6255,304144,2127,24.1
6255,304144,2128,24.0
6255,304144,2129,24.0
6255,304144,2130,23.9
6255,304144,2131,24.0
6255,304144,2132,24.0
6255,304144,2133,24.0
6255,304144,2134,24.0
6255,304144,2135,24.0
6255,304144,2136,24.0
6255,304144,2137,23.9
6255,304144,2138,23.9
6255,304144,2139,23.9
6255,304144,2140,23.9
6255,304144,2141,23.9
6255,304144,2142,23.9
6255,304144,2143,23.9
6255,304144,2144,23.9
6255,304144,2145,23.9
6255,304144,2146,23.8
6255,304144,2147,23.8
6255,304144,2148,23.8
6255,304144,2149,23.8
6255,304144,2150,23.8
6255,304144,2151,23.8
6255,304144,2152,23.7
6255,304144,2153,23.7
6255,304144,2154,23.7
6255,304144,2155,23.7
6255,304144,2156,23.7
6255,304144,2157,23.7
6255,304144,2158,23.6
6255,304144,2159,23.7
6255,304144,2160,23.6
6255,304144,2161,23.6
6255,304144,2162,23.7
6255,304144,2163,23.6
6255,304144,2164,23.6
6255,304144,2165,23.6
6255,304144,2166,23.6
6255,304144,2167,23.6
6255,304144,2168,23.6
6255,304144,2169,23.6
6255,304144,2170,23.5
6255,304144,2171,23.5
6255,304144,2172,23.5
6255,304144,2173,23.5
6255,304144,2174,23.5
6255,304144,2175,23.5
6255,304144,2176,23.5
6255,304144,2177,23.5
6255,304144,2178,23.5
6255,304144,2179,23.5
6255,304144,2180,23.5
6255,304144,2181,23.5
6255,304144,2182,23.5
6255,304144,2183,23.5
6255,304144,2184,23.5
6255,304144,2185,23.5
6255,304144,2186,23.5
6255,304144,2187,23.4
6255,304144,2188,23.4
6255,304144,2189,23.4
6255,304144,2190,23.4
6255,304144,2191,23.4
6255,304144,2192,23.4
6255,304144,2193,23.4
6255,304144,2194,23.4
6255,304144,2195,23.4
6255,304144,2196,23.4
6255,304144,2197,23.3
6255,304144,2198,23.3
6255,304144,2199,22.8
6255,304144,2200,22.7
6255,304144,2201,22.7
6255,304144,2202,22.6
6255,304144,2203,22.5
6255,304144,2204,22.5
6255,304144,2205,22.5
6255,304144,2206,22.5
6255,304144,2207,22.5
6255,304144,2208,22.5
6255,304144,2209,22.5
6255,304144,2210,22.5
6255,304144,2211,22.5
6255,304144,2212,22.4
6255,304144,2213,22.4
6255,304144,2214,22.4
6255,304144,2215,22.4
6255,304144,2216,22.4
6255,304144,2217,22.4
6255,304144,2218,22.4
6255,304144,2219,22.4
6255,304144,2220,22.4
6255,304144,2221,22.4
6255,304144,2222,22.3
6255,304144,2223,22.3
6255,304144,2224,22.3
6255,304144,2225,22.3
6255,304144,2226,22.3
6255,304144,2227,22.3
6255,304144,2228,22.3
6255,304144,2229,22.3
6255,304144,2230,22.2
6255,304144,2231,22.2
6255,304144,2232,22.2
6255,304144,2233,22.2
6255,304144,2234,22.2
6255,304144,2235,22.2
6255,304144,2236,22.2
6255,304144,2237,22.2
6255,304144,2238,22.2
6255,304144,2239,22.2
6255,304144,2240,22.2
6255,304144,2241,22.1
6255,304144,2242,22.1
6255,304144,2243,22.1
6255,304144,2244,22.1
6255,304144,2245,22.1
6255,304144,2246,22.1
6255,304144,2247,22.1
6255,304144,2248,22.1
6255,304144,2249,22.0
6255,304144,2250,22.0
6255,304144,2251,22.0
6255,304144,2252,22.0
6255,304144,2253,22.0
6255,304144,2254,22.0
6255,304144,2255,22.0
6255,304144,2256,21.9
6255,304144,2257,22.0
6255,304144,2258,22.0
6255,304144,2259,21.9
6255,304144,2260,21.9
6255,304144,2261,21.9
6255,304144,2262,21.9
6255,304144,2263,21.9
6255,304144,2264,22.0
6255,304144,2265,21.9
6255,304144,2266,21.9
6255,304144,2267,21.9
6255,304144,2268,21.9
6255,304144,2269,21.9
6255,304144,2270,21.8
6255,304144,2271,21.8
6255,304144,2272,21.8
6255,304144,2273,21.8
6255,304144,2274,21.8
6255,304144,2275,21.8
6255,304144,2276,21.8
6255,304144,2277,21.8
6255,304144,2278,21.8
6255,304144,2279,21.8
6255,304144,2280,21.8
6255,304144,2281,21.8
6255,304144,2282,21.8
6255,304144,2283,21.7
6255,304144,2284,21.7
6255,304144,2285,21.7
6255,304144,2286,21.7
6255,304144,2287,21.7
6255,304144,2288,21.7
6255,304144,2289,21.7
6255,304144,2290,21.6
6255,304144,2291,21.6
6255,304144,2292,21.6
6255,304144,2293,21.6
6255,304144,2294,21.6
6255,304144,2295,21.6
6255,304144,2296,21.6
6255,304144,2297,21.6
6255,304144,2298,21.6
6255,304144,2299,21.6
6255,304144,2300,21.6
6255,304144,2301,21.6
6255,304144,2302,21.5
6255,304144,2303,21.5
6255,304144,2304,21.5
6255,304144,2305,21.5
6255,304144,2306,21.5
6255,304144,2307,21.5
6255,304144,2308,21.5
6255,304144,2309,21.5
6255,304144,2310,21.4
6255,304144,2311,21.4
6255,304144,2312,21.4
6255,304144,2313,21.4
6255,304144,2314,21.4
6255,304144,2315,21.4
6255,304144,2316,21.4
6255,304144,2317,21.3
6255,304144,2318,21.3
6255,304144,2319,21.3
6255,304144,2320,21.3
6255,304144,2321,21.3
6255,304144,2322,21.3
6255,304144,2323,21.3
6255,304144,2324,21.3
6255,304144,2325,21.3
6255,304144,2326,21.3
6255,304144,2327,21.3
6255,304144,2328,21.3
6255,304144,2329,21.3
6255,304144,2330,21.3
6255,304144,2331,21.3
6255,304144,2332,21.3
6255,304144,2333,21.3
6255,304144,2334,21.3
6255,304144,2335,21.3
6255,304144,2336,21.3
6255,304144,2337,21.3
6255,304144,2338,21.3
6255,304144,2339,21.2
6255,304144,2340,21.2
6255,304144,2341,21.2
6255,304144,2342,21.2
6255,304144,2343,21.2
6255,304144,2344,21.2
6255,304144,2345,21.2
6255,304144,2346,21.2
6255,304144,2347,21.2
6255,304144,2348,21.2
6255,304144,2349,21.2
6255,304144,2350,21.1
6255,304144,2351,21.1
6255,304144,2352,21.1
6255,304144,2353,21.1
6255,304144,2354,21.1
6255,304144,2355,21.1
6255,304144,2356,21.1
6255,304144,2357,21.1
6255,304144,2358,21.1
6255,304144,2359,21.1
6255,304144,2360,21.0
6255,304144,2361,21.0
6255,304144,2362,21.0
6255,304144,2363,21.0
6255,304144,2364,21.0
6255,304144,2365,21.0
6255,304144,2366,21.0
6255,304144,2367,21.0
6255,304144,2368,21.0
6255,304144,2369,21.0
6255,304144,2370,21.0
6255,304144,2371,21.0
6255,304144,2372,21.0
6255,304144,2373,21.0
6255,304144,2374,21.0
6255,304144,2375,20.9
6255,304144,2376,20.9
6255,304144,2377,20.9
6255,304144,2378,20.9
6255,304144,2379,20.9
6255,304144,2380,20.9
6255,304144,2381,20.9
6255,304144,2382,20.9
6255,304144,2383,20.8
6255,304144,2384,20.8
6255,304144,2385,20.8
6255,304144,2386,20.8
6255,304144,2387,20.8
6255,304144,2388,20.8
6255,304144,2389,20.8
6255,304144,2390,20.8
6255,304144,2391,20.8
6255,304144,2392,20.8
6255,304144,2393,20.8
6255,304144,2394,20.7
6255,304144,2395,20.7
6255,304144,2396,20.7
6255,304144,2397,20.7
6255,304144,2398,20.7
6255,304144,2399,20.7
6255,304144,2400,20.7
6255,304144,2401,20.7
6255,304144,2402,20.7
6255,304144,2403,20.7
6255,304144,2404,20.7
6255,304144,2405,20.6
6255,304144,2406,20.6
6255,304144,2407,20.6
6255,304144,2408,20.6
6255,304144,2409,20.6
6255,304144,2410,20.6
6255,304144,2411,20.6
6255,304144,2412,20.6
6255,304144,2413,20.6
6255,304144,2414,20.5
6255,304144,2415,20.5
6255,304144,2416,20.5
6255,304144,2417,20.5
6255,304144,2418,20.5
6255,304144,2419,20.5
6255,304144,2420,20.5
6255,304144,2421,20.5
6255,304144,2422,20.5
6255,304144,2423,20.5
6255,304144,2424,20.5
6255,304144,2425,20.5
6255,304144,2426,20.4
6255,304144,2427,20.5
6255,304144,2428,20.5
6255,304144,2429,20.5
6255,304144,2430,20.5
6255,304144,2431,20.5
6255,304144,2432,20.5
6255,304144,2433,20.5
6255,304144,2434,20.5
6255,304144,2435,20.4
6255,304144,2436,20.4
6255,304144,2437,20.4
6255,304144,2438,20.4
6255,304144,2439,20.4
6255,304144,2440,20.4
6255,304144,2441,20.4
6255,304144,2442,20.4
6255,304144,2443,20.4
6255,304144,2444,20.4
6255,304144,2445,20.4
6255,304144,2446,20.3
6255,304144,2447,20.3
6255,304144,2448,20.3
6255,304144,2449,20.3
6255,304144,2450,20.3
6255,304144,2451,20.3
6255,304144,2452,20.3
6255,304144,2453,20.3
6255,304144,2454,20.2
6255,304144,2455,20.3
6255,304144,2456,20.3
6255,304144,2457,20.3
6255,304144,2458,20.3
6255,304144,2459,20.3
6255,304144,2460,20.3
6255,304144,2461,20.2
6255,304144,2462,20.2
6255,304144,2463,20.2
6255,304144,2464,20.2
6255,304144,2465,20.1
6255,304144,2466,20.2
6255,304144,2467,20.2
6255,304144,2468,20.2
6255,304144,2469,20.2
6255,304144,2470,20.2
6255,304144,2471,20.2
6255,304144,2472,20.2
6255,304144,2473,20.1
6255,304144,2474,20.1
6255,304144,2475,20.1
6255,304144,2476,20.1
6255,304144,2477,20.1
6255,304144,2478,20.1
6255,304144,2479,20.1
6255,304144,2480,20.1
6255,304144,2481,20.1
6255,304144,2482,20.1
6255,304144,2483,20.0
6255,304144,2484,20.0
6255,304144,2485,20.0
6255,304144,2486,20.0
6255,304144,2487,20.0
6255,304144,2488,20.0
6255,304144,2489,20.0
6255,304144,2490,20.0
6255,304144,2491,20.0
6255,304144,2492,20.0
6255,304144,2493,20.0
6255,304144,2494,19.9
6255,304144,2495,19.9
6255,304144,2496,19.9
6255,304144,2497,19.9
6255,304144,2498,19.9
6255,304144,2499,19.9
6255,304144,2500,19.9
6255,304144,2501,19.9
6255,304144,2502,19.9
6255,304144,2503,19.8
6255,304144,2504,19.8
6255,304144,2505,19.9
6255,304144,2506,19.9
6255,304144,2507,19.8
6255,304144,2508,19.8
6255,304144,2509,19.8
6255,304144,2510,19.8
6255,304144,2511,19.8
6255,304144,2512,19.8
6255,304144,2513,19.8
6255,304144,2514,19.8
6255,304144,2515,19.7
6255,304144,2516,19.8
6255,304144,2517,19.7
6255,304144,2518,19.7
6255,304144,2519,19.7
6255,304144,2520,19.7
6255,304144,2521,19.7
6255,304144,2522,19.7
6255,304144,2523,19.7
6255,304144,2524,19.6
6255,304144,2525,19.7
6255,304144,2526,19.6
6255,304144,2527,19.6
6255,304144,2528,19.6
6255,304144,2529,19.6
6255,304144,2530,19.6
6255,304144,2531,19.5
6255,304144,2532,19.6
6255,304144,2533,19.6
6255,304144,2534,19.6
6255,304144,2535,19.6
6255,304144,2536,19.6
6255,304144,2537,19.6
6255,304144,2538,19.5
6255,304144,2539,19.6
6255,304144,2540,19.6
6255,304144,2541,19.6
6255,304144,2542,19.6
6255,304144,2543,19.6
6255,304144,2544,19.6
6255,304144,2545,19.5
6255,304144,2546,19.5
6255,304144,2547,19.5
6255,304144,2548,19.5
6255,304144,2549,19.5
6255,304144,2550,19.5
6255,304144,2551,19.5
6255,304144,2552,19.5
6255,304144,2553,19.5
6255,304144,2554,19.5
6255,304144,2555,19.4
6255,304144,2556,19.4
6255,304144,2557,19.4
6255,304144,2558,19.4
6255,304144,2559,19.4
6255,304144,2560,19.4
6255,304144,2561,19.4
6255,304144,2562,19.4
6255,304144,2563,19.4
6255,304144,2564,19.3
6255,304144,2565,19.4
6255,304144,2566,19.4
6255,304144,2567,19.4
6255,304144,2568,19.4
6255,304144,2569,19.3
6255,304144,2570,19.3
6255,304144,2571,19.3
6255,304144,2572,19.3
6255,304144,2573,19.3
6255,304144,2574,19.3
6255,304144,2575,19.3
6255,304144,2576,19.3
6255,304144,2577,19.3
6255,304144,2578,19.3
6255,304144,2579,19.3
6255,304144,2580,19.3
6255,304144,2581,19.3
6255,304144,2582,19.2
6255,304144,2583,19.2
6255,304144,2584,19.2
6255,304144,2585,19.2
6255,304144,2586,19.2
6255,304144,2587,19.2
6255,304144,2588,19.2
6255,304144,2589,19.2
6255,304144,2590,19.0
6255,304144,2591,19.2
6255,304144,2592,19.2
6255,304144,2593,19.1
6255,304144,2594,19.1
6255,304144,2595,19.1
6255,304144,2596,19.1
6255,304144,2597,19.1
6255,304144,2598,19.1
6255,304144,2599,19.1
6255,304144,2600,19.1
6255,304144,2601,19.1
6255,304144,2602,19.1
6255,304144,2603,19.1
6255,304144,2604,19.1
6255,304144,2605,19.1
6255,304144,2606,19.1
6255,304144,2607,19.1
6255,304144,2608,19.1
6255,304144,2609,19.1
6255,304144,2610,19.1
6255,304144,2611,19.1
6255,304144,2612,19.1
6255,304144,2613,19.1
6255,304144,2614,19.1
6255,304144,2615,19.1
6255,304144,2616,19.1
6255,304144,2617,19.1
6255,304144,2618,19.1
6255,304144,2619,19.0
6255,304144,2620,19.1
6255,304144,2621,19.0
6255,304144,2622,19.0
6255,304144,2623,19.0
6255,304144,2624,19.0
6255,304144,2625,19.0
6255,304144,2626,19.0
6255,304144,2627,19.0
6255,304144,2628,19.0
6255,304144,2629,19.0
6255,304144,2630,19.0
6255,304144,2631,19.0
6255,304144,2632,19.0
6255,304144,2633,19.0
6255,304144,2634,18.9
6255,304144,2635,18.9
6255,304144,2636,18.9
6255,304144,2637,18.9
6255,304144,2638,18.9
6255,304144,2639,18.9
6255,304144,2640,18.9
6255,304144,2641,18.9
6255,304144,2642,0.8 
6255,304144,2643,11.0
6255,304144,2644,17.0
6255,304144,2645,15.6
6255,304144,2646,9.2 
6255,304144,2647,0.0 
6255,304144,2648,18.2
6255,304144,2649,6.1 
6255,304144,2650,11.0
6255,304144,2651,18.8
6255,304144,2652,18.0
6255,304144,2653,8.7 
6255,304144,2654,5.7 
6255,304144,2655,18.8
6255,304144,2656,18.8