6245,303948,55,53.3
6245,303948,56,54.2
6245,303948,57,53.2
6245,303948,58,54.1
6245,303948,59,53.0
6245,303948,60,52.9
6245,303948,61,6.5
6245,303948,62,20.7
6245,303948,63,53.9
6245,303948,64,42.1
6245,303948,65,6.2
6245,303948,66,49.6
6245,303948,67,16.4
6245,303948,68,37.3
6245,303948,69,45.5
6245,303948,70,23.1
6245,303948,71,52.6
6245,303948,72,52.4
6245,303948,73,52.3
6245,303948,74,52.2
6245,303948,75,53.2
6245,303948,76,53.1
6245,303948,77,52.0
6245,303948,78,52.0
6245,303948,79,52.9
6245,303948,80,52.9
6245,303948,81,52.8
6245,303948,82,52.7
6245,303948,83,51.6
6245,303948,84,52.6
6245,303948,85,52.5
6245,303948,86,52.5
6245,303948,87,52.4
6245,303948,88,51.3
6245,303948,89,51.2
6245,303948,90,51.2
6245,303948,91,52.2
6245,303948,92,52.0
6245,303948,93,52.1
6245,303948,94,52.0
6245,303948,95,52.0
6245,303948,96,52.0
6245,303948,97,51.7
6245,303948,98,51.7
6245,303948,99,51.7
6245,303948,100,51.7
6245,303948,101,51.7
6245,303948,102,51.5
6245,303948,103,51.5
6245,303948,104,51.4
6245,303948,105,51.4
6245,303948,106,51.2
6245,303948,107,51.2
6245,303948,108,51.2
6245,303948,109,51.2
6245,303948,110,51.1
6245,303948,111,51.0
6245,303948,112,51.0
6245,303948,113,50.9
6245,303948,114,50.9
6245,303948,115,50.8
6245,303948,116,50.7
6245,303948,117,50.6
6245,303948,118,50.6
6245,303948,119,50.5
6245,303948,120,50.7
6245,303948,121,50.6
6245,303948,122,50.4
6245,303948,123,50.4
6245,303948,124,50.4
6245,303948,125,50.3
6245,303948,126,50.2
6245,303948,127,50.2
6245,303948,128,50.1
6245,303948,129,50.1
6245,303948,130,50.0
6245,303948,131,50.0
6245,303948,132,50.0
6245,303948,133,49.9
6245,303948,134,49.8
6245,303948,135,49.8
6245,303948,136,49.9
6245,303948,137,49.7
6245,303948,138,49.7
6245,303948,139,49.6
6245,303948,140,49.6
6245,303948,141,49.5
6245,303948,142,49.5
6245,303948,143,49.6
6245,303948,144,47.6
6245,303948,145,47.2
6245,303948,146,40.3
6245,303948,147,51.0
6245,303948,148,43.3
6245,303948,149,51.2
6245,303948,150,51.2
6245,303948,151,51.2
6245,303948,152,51.1
6245,303948,153,51.1
6245,303948,154,51.0
6245,303948,155,51.1
6245,303948,156,51.0
6245,303948,157,51.0
6245,303948,158,51.0
6245,303948,159,50.9
6245,303948,160,50.9
6245,303948,161,50.9
6245,303948,162,50.8
6245,303948,163,50.8
6245,303948,164,50.8
6245,303948,165,50.7
6245,303948,166,50.7
6245,303948,167,50.7
6245,303948,168,50.6
6245,303948,169,50.6
6245,303948,170,50.6
6245,303948,171,50.5
6245,303948,172,50.5
6245,303948,173,50.5
6245,303948,174,50.4
6245,303948,175,50.4
6245,303948,176,50.4
6245,303948,177,50.4
6245,303948,178,50.3
6245,303948,179,50.2
6245,303948,180,50.3
6245,303948,181,50.2
6245,303948,182,50.2
6245,303948,183,50.2
6245,303948,184,50.1
6245,303948,185,50.1
6245,303948,186,50.1
6245,303948,187,50.0
6245,303948,188,50.0
6245,303948,189,50.0
6245,303948,190,49.9
6245,303948,191,49.9
6245,303948,192,49.9
6245,303948,193,49.9
6245,303948,194,49.9
6245,303948,195,49.7
6245,303948,196,49.7
6245,303948,197,49.7
6245,303948,198,49.7
6245,303948,199,49.6
6245,303948,200,49.6
6245,303948,201,49.6
6245,303948,202,49.5
6245,303948,203,49.5
6245,303948,204,49.5
6245,303948,205,49.4
6245,303948,206,49.5
6245,303948,207,49.4
6245,303948,208,49.4
6245,303948,209,49.3
6245,303948,210,49.3
6245,303948,211,49.3
6245,303948,212,49.3
6245,303948,213,49.2
6245,303948,214,49.2
6245,303948,215,49.2
6245,303948,216,49.2
6245,303948,217,49.1
6245,303948,218,49.0
6245,303948,219,49.1
6245,303948,220,49.1
6245,303948,221,49.0
6245,303948,222,49.0
6245,303948,223,48.9
6245,303948,224,48.9
6245,303948,225,48.9
6245,303948,226,48.8
6245,303948,227,48.8
6245,303948,228,48.8
6245,303948,229,48.7
6245,303948,230,48.7
6245,303948,231,48.7
6245,303948,232,48.7
6245,303948,233,48.6
6245,303948,234,48.6
6245,303948,235,48.6
6245,303948,236,48.6
6245,303948,237,48.5
6245,303948,238,48.5
6245,303948,239,48.4
6245,303948,240,48.4
6245,303948,241,48.4
6245,303948,242,48.4
6245,303948,243,48.3
6245,303948,244,48.3
6245,303948,245,48.3
6245,303948,246,48.3
6245,303948,247,48.2
6245,303948,248,48.2
6245,303948,249,48.2
6245,303948,250,48.2
6245,303948,251,48.1
6245,303948,252,48.1
6245,303948,253,48.1
6245,303948,254,48.0
6245,303948,255,48.0
6245,303948,256,48.0
6245,303948,257,48.0
6245,303948,258,47.9
6245,303948,259,47.9
6245,303948,260,47.9
6245,303948,261,47.9
6245,303948,262,47.8
6245,303948,263,47.8
6245,303948,264,47.7
6245,303948,265,47.7
6245,303948,266,47.7
6245,303948,267,47.6
6245,303948,268,47.7
6245,303948,269,47.6
6245,303948,270,47.6
6245,303948,271,47.5
6245,303948,272,47.3
6245,303948,273,47.4
6245,303948,274,47.3
6245,303948,275,47.3
6245,303948,276,47.3
6245,303948,277,47.3
6245,303948,278,47.3
6245,303948,279,47.2
6245,303948,280,47.2
6245,303948,281,47.2
6245,303948,282,47.1
6245,303948,283,47.1
6245,303948,284,47.0
6245,303948,285,47.0
6245,303948,286,47.0
6245,303948,287,47.0
6245,303948,288,47.0
6245,303948,289,46.9
6245,303948,290,46.9
6245,303948,291,46.9
6245,303948,292,46.8
6245,303948,293,46.9
6245,303948,294,46.8
6245,303948,295,46.8
6245,303948,296,46.8
6245,303948,297,46.8
6245,303948,298,46.7
6245,303948,299,46.7
6245,303948,300,46.6
6245,303948,301,46.6
6245,303948,302,46.6
6245,303948,303,46.6
6245,303948,304,46.6
6245,303948,305,46.5
6245,303948,306,46.5
6245,303948,307,46.5
6245,303948,308,46.5
6245,303948,309,46.5
6245,303948,310,46.5
6245,303948,311,46.4
6245,303948,312,46.4
6245,303948,313,46.4
6245,303948,314,46.3
6245,303948,315,46.3
6245,303948,316,46.3
6245,303948,317,46.3
6245,303948,318,46.2
6245,303948,319,46.2
6245,303948,320,46.2
6245,303948,321,46.2
6245,303948,322,46.1
6245,303948,323,46.1
6245,303948,324,46.1
6245,303948,325,46.1
6245,303948,326,46.1
6245,303948,327,46.0
6245,303948,328,46.0
6245,303948,329,46.0
6245,303948,330,46.0
6245,303948,331,46.0
6245,303948,332,45.9
6245,303948,333,45.8
6245,303948,334,45.8
6245,303948,335,45.8
6245,303948,336,45.8
6245,303948,337,45.8
6245,303948,338,45.8
6245,303948,339,45.8
6245,303948,340,45.8
6245,303948,341,45.7
6245,303948,342,45.7
6245,303948,343,45.6
6245,303948,344,45.6
6245,303948,345,45.6
6245,303948,346,45.6
6245,303948,347,45.6
6245,303948,348,45.6
6245,303948,349,45.6
6245,303948,350,45.5
6245,303948,351,45.5
6245,303948,352,45.5
6245,303948,353,45.4
6245,303948,354,45.4
6245,303948,355,45.4
6245,303948,356,45.4
6245,303948,357,45.4
6245,303948,358,45.4
6245,303948,359,45.3
6245,303948,360,45.3
6245,303948,361,45.3
6245,303948,362,45.3
6245,303948,363,45.2
6245,303948,364,45.2
6245,303948,365,45.2
6245,303948,366,45.2
6245,303948,367,45.2
6245,303948,368,45.1
6245,303948,369,45.1
6245,303948,370,45.1
6245,303948,371,45.1
6245,303948,372,45.0
6245,303948,373,45.0
6245,303948,374,45.0
6245,303948,375,45.0
6245,303948,376,45.0
6245,303948,377,44.9
6245,303948,378,44.9
6245,303948,379,44.9
6245,303948,380,44.9
6245,303948,381,44.8
6245,303948,382,44.8
6245,303948,383,44.8
6245,303948,384,44.8
6245,303948,385,44.8
6245,303948,386,46.0
6245,303948,387,45.9
6245,303948,388,45.8
6245,303948,389,45.8
6245,303948,390,45.8
6245,303948,391,45.8
6245,303948,392,45.8
6245,303948,393,45.7
6245,303948,394,45.7
6245,303948,395,45.7
6245,303948,396,45.6
6245,303948,397,45.5
6245,303948,398,45.5
6245,303948,399,45.5
6245,303948,400,45.5
6245,303948,401,45.4
6245,303948,402,45.4
6245,303948,403,45.4
6245,303948,404,45.3
6245,303948,405,45.3
6245,303948,406,45.3
6245,303948,407,45.3
6245,303948,408,45.3
6245,303948,409,45.2
6245,303948,410,45.2
6245,303948,411,45.1
6245,303948,412,45.1
6245,303948,413,45.1
6245,303948,414,45.0
6245,303948,415,45.0
6245,303948,416,45.0
6245,303948,417,45.0
6245,303948,418,45.0
6245,303948,419,45.0
6245,303948,420,44.9
6245,303948,421,44.9
6245,303948,422,44.9
6245,303948,423,44.9
6245,303948,424,44.8
6245,303948,425,44.8
6245,303948,426,44.8
6245,303948,427,44.7
6245,303948,428,44.7
6245,303948,429,44.7
6245,303948,430,44.7
6245,303948,431,44.7
6245,303948,432,44.6
6245,303948,433,44.6
6245,303948,434,44.6
6245,303948,435,44.5
6245,303948,436,44.5
6245,303948,437,44.5
6245,303948,438,44.5
6245,303948,439,44.5
6245,303948,440,44.5
6245,303948,441,44.5
6245,303948,442,44.5
6245,303948,443,44.4
6245,303948,444,44.4
6245,303948,445,44.4
6245,303948,446,44.3
6245,303948,447,44.2
6245,303948,448,44.3
6245,303948,449,44.2
6245,303948,450,44.2
6245,303948,451,44.2
6245,303948,452,44.2
6245,303948,453,44.1
6245,303948,454,44.1
6245,303948,455,44.1
6245,303948,456,44.1
6245,303948,457,44.0
6245,303948,458,44.0
6245,303948,459,44.0
6245,303948,460,43.3
6245,303948,461,44.0
6245,303948,462,44.0
6245,303948,463,44.0
6245,303948,464,44.0
6245,303948,465,43.9
6245,303948,466,43.9
6245,303948,467,44.2
6245,303948,468,44.2
6245,303948,469,44.1
6245,303948,470,44.1
6245,303948,471,44.1
6245,303948,472,44.0
6245,303948,473,44.0
6245,303948,474,44.0
6245,303948,475,44.0
6245,303948,476,44.0
6245,303948,477,44.0
6245,303948,478,43.9
6245,303948,479,43.9
6245,303948,480,43.9
6245,303948,481,43.9
6245,303948,482,43.8
6245,303948,483,43.8
6245,303948,484,43.8
6245,303948,485,43.8
6245,303948,486,43.7
6245,303948,487,43.7
6245,303948,488,43.7
6245,303948,489,43.6
6245,303948,490,43.6
6245,303948,491,43.6
6245,303948,492,43.6
6245,303948,493,43.6
6245,303948,494,43.5
6245,303948,495,43.5
6245,303948,496,43.5
6245,303948,497,43.5
6245,303948,498,43.4
6245,303948,499,43.4
6245,303948,500,43.4
6245,303948,501,43.4
6245,303948,502,43.3
6245,303948,503,43.3
6245,303948,504,43.3
6245,303948,505,43.3
6245,303948,506,43.3
6245,303948,507,43.2
6245,303948,508,43.2
6245,303948,509,43.2
6245,303948,510,43.2
6245,303948,511,43.1
6245,303948,512,43.1
6245,303948,513,43.1
6245,303948,514,43.0
6245,303948,515,43.0
6245,303948,516,43.0
6245,303948,517,43.1
6245,303948,518,43.0
6245,303948,519,43.0
6245,303948,520,42.9
6245,303948,521,42.9
6245,303948,522,42.9
6245,303948,523,42.8
6245,303948,524,42.8
6245,303948,525,42.8
6245,303948,526,42.8
6245,303948,527,42.8
6245,303948,528,42.8
6245,303948,529,42.7
6245,303948,530,42.7
6245,303948,531,42.7
6245,303948,532,42.6
6245,303948,533,42.6
6245,303948,534,42.6
6245,303948,535,42.6
6245,303948,536,42.5
6245,303948,537,42.3
6245,303948,538,42.5
6245,303948,539,42.5
6245,303948,540,42.5
6245,303948,541,42.5
6245,303948,542,42.4
6245,303948,543,42.4
6245,303948,544,42.4
6245,303948,545,42.4
6245,303948,546,42.3
6245,303948,547,42.3
6245,303948,548,42.3
6245,303948,549,42.3
6245,303948,550,42.3
6245,303948,551,42.3
6245,303948,552,42.3
6245,303948,553,42.2
6245,303948,554,42.2
6245,303948,555,42.2
6245,303948,556,42.1
6245,303948,557,42.1
6245,303948,558,41.9
6245,303948,559,42.2
6245,303948,560,42.0
6245,303948,561,42.0
6245,303948,562,42.0
6245,303948,563,41.9
6245,303948,564,41.9
6245,303948,565,41.9
6245,303948,566,41.9
6245,303948,567,41.8
6245,303948,568,41.8
6245,303948,569,41.8
6245,303948,570,41.8
6245,303948,571,41.8
6245,303948,572,41.8
6245,303948,573,41.8
6245,303948,574,41.7
6245,303948,575,41.7
6245,303948,576,41.6
6245,303948,577,41.6
6245,303948,578,41.6
6245,303948,579,41.6
6245,303948,580,41.5
6245,303948,581,41.5
6245,303948,582,41.5
6245,303948,583,41.5
6245,303948,584,41.5
6245,303948,585,41.4
6245,303948,586,41.4
6245,303948,587,41.4
6245,303948,588,41.4
6245,303948,589,41.4
6245,303948,590,41.4
6245,303948,591,41.3
6245,303948,592,41.3
6245,303948,593,41.3
6245,303948,594,41.2
6245,303948,595,41.2
6245,303948,596,41.2
6245,303948,597,41.2
6245,303948,598,41.1
6245,303948,599,41.1
6245,303948,600,41.1
6245,303948,601,41.1
6245,303948,602,41.1
6245,303948,603,41.0
6245,303948,604,41.0
6245,303948,605,41.0
6245,303948,606,41.0
6245,303948,607,40.9
6245,303948,608,40.9
6245,303948,609,40.9
6245,303948,610,40.9
6245,303948,611,40.9
6245,303948,612,40.8
6245,303948,613,40.8
6245,303948,614,40.8
6245,303948,615,40.8
6245,303948,616,40.8
6245,303948,617,40.6
6245,303948,618,40.8
6245,303948,619,40.6
6245,303948,620,40.7
6245,303948,621,40.7
6245,303948,622,40.7
6245,303948,623,40.6
6245,303948,624,40.6
6245,303948,625,40.6
6245,303948,626,40.6
6245,303948,627,40.6
6245,303948,628,40.6
6245,303948,629,40.6
6245,303948,630,40.6
6245,303948,631,40.5
6245,303948,632,40.5
6245,303948,633,40.5
6245,303948,634,40.5
6245,303948,635,40.2
6245,303948,636,40.5
6245,303948,637,40.4
6245,303948,638,40.4
6245,303948,639,40.4
6245,303948,640,40.4
6245,303948,641,40.3
6245,303948,642,40.3
6245,303948,643,40.3
6245,303948,644,40.3
6245,303948,645,40.2
6245,303948,646,40.2
6245,303948,647,40.2
6245,303948,648,40.2
6245,303948,649,40.1
6245,303948,650,40.1
6245,303948,651,40.1
6245,303948,652,40.1
6245,303948,653,40.1
6245,303948,654,40.1
6245,303948,655,40.1
6245,303948,656,40.0
6245,303948,657,40.0
6245,303948,658,40.0
6245,303948,659,40.0
6245,303948,660,39.9
6245,303948,661,39.9
6245,303948,662,39.9
6245,303948,663,39.9
6245,303948,664,39.8
6245,303948,665,39.8
6245,303948,666,39.8
6245,303948,667,39.8
6245,303948,668,39.8
6245,303948,669,39.7
6245,303948,670,39.7
6245,303948,671,39.7
6245,303948,672,39.7
6245,303948,673,39.7
6245,303948,674,39.6
6245,303948,675,39.6
6245,303948,676,39.6
6245,303948,677,39.6
6245,303948,678,39.6
6245,303948,679,39.5
6245,303948,680,39.5
6245,303948,681,39.5
6245,303948,682,39.5
6245,303948,683,39.5
6245,303948,684,39.4
6245,303948,685,40.1
6245,303948,686,40.4
6245,303948,687,40.4
6245,303948,688,40.4
6245,303948,689,40.4
6245,303948,690,40.4
6245,303948,691,40.4
6245,303948,692,36.2
6245,303948,693,38.9
6245,303948,694,40.5
6245,303948,695,40.5
6245,303948,696,40.5
6245,303948,697,40.4
6245,303948,698,40.4
6245,303948,699,40.4
6245,303948,700,40.4
6245,303948,701,40.3
6245,303948,702,40.3
6245,303948,703,40.3
6245,303948,704,40.3
6245,303948,705,40.3
6245,303948,706,40.3
6245,303948,707,40.2
6245,303948,708,40.2
6245,303948,709,40.2
6245,303948,710,40.2
6245,303948,711,40.1
6245,303948,712,40.1
6245,303948,713,40.1
6245,303948,714,40.1
6245,303948,715,40.0
6245,303948,716,40.0
6245,303948,717,40.0
6245,303948,718,40.0
6245,303948,719,40.0
6245,303948,720,40.0
6245,303948,721,39.9
6245,303948,722,39.9
6245,303948,723,39.9
6245,303948,724,39.9
6245,303948,725,39.9
6245,303948,726,39.8
6245,303948,727,39.8
6245,303948,728,39.8
6245,303948,729,39.8
6245,303948,730,39.7
6245,303948,731,39.7
6245,303948,732,39.7
6245,303948,733,39.7
6245,303948,734,39.7
6245,303948,735,39.6
6245,303948,736,39.6
6245,303948,737,39.6
6245,303948,738,39.6
6245,303948,739,39.6
6245,303948,740,39.5
6245,303948,741,39.5
6245,303948,742,39.5
6245,303948,743,39.5
6245,303948,744,39.5
6245,303948,745,39.5
6245,303948,746,39.4
6245,303948,747,39.4
6245,303948,748,39.4
6245,303948,749,39.3
6245,303948,750,39.4
6245,303948,751,39.3
6245,303948,752,39.3
6245,303948,753,39.3
6245,303948,754,39.3
6245,303948,755,39.3
6245,303948,756,39.2
6245,303948,757,39.2
6245,303948,758,39.2
6245,303948,759,39.2
6245,303948,760,39.1
6245,303948,761,39.1
6245,303948,762,39.1
6245,303948,763,39.1
6245,303948,764,39.1
6245,303948,765,39.1
6245,303948,766,39.0
6245,303948,767,39.0
6245,303948,768,39.0
6245,303948,769,38.9
6245,303948,770,39.0
6245,303948,771,38.9
6245,303948,772,38.9
6245,303948,773,38.9
6245,303948,774,38.8
6245,303948,775,38.9
6245,303948,776,38.8
6245,303948,777,38.8
6245,303948,778,38.8
6245,303948,779,38.7
6245,303948,780,38.8
6245,303948,781,38.7
6245,303948,782,38.7
6245,303948,783,38.7
6245,303948,784,38.6
6245,303948,785,38.7
6245,303948,786,38.6
6245,303948,787,38.6
6245,303948,788,38.6
6245,303948,789,38.5
6245,303948,790,38.6
6245,303948,791,38.5
6245,303948,792,38.5
6245,303948,793,38.5
6245,303948,794,38.4
6245,303948,795,38.4
6245,303948,796,38.4
6245,303948,797,38.4
6245,303948,798,38.4
6245,303948,799,38.3
6245,303948,800,38.4
6245,303948,801,38.3
6245,303948,802,38.3
6245,303948,803,38.3
6245,303948,804,38.3
6245,303948,805,38.2
6245,303948,806,38.2
6245,303948,807,38.2
6245,303948,808,38.2
6245,303948,809,38.1
6245,303948,810,38.2
6245,303948,811,38.2
6245,303948,812,38.1
6245,303948,813,38.1
6245,303948,814,38.1
6245,303948,815,38.1
6245,303948,816,38.0
6245,303948,817,38.0
6245,303948,818,38.0
6245,303948,819,37.9
6245,303948,820,38.0
6245,303948,821,37.9
6245,303948,822,37.9
6245,303948,823,37.9
6245,303948,824,37.9
6245,303948,825,37.9
6245,303948,826,37.9
6245,303948,827,37.8
6245,303948,828,37.8
6245,303948,829,37.8
6245,303948,830,37.8
6245,303948,831,37.8
6245,303948,832,37.7
6245,303948,833,37.8
6245,303948,834,37.7
6245,303948,835,37.7
6245,303948,836,37.7
6245,303948,837,37.6
6245,303948,838,37.7
6245,303948,839,37.6
6245,303948,840,37.6
6245,303948,841,37.6
6245,303948,842,37.6
6245,303948,843,37.5
6245,303948,844,37.5
6245,303948,845,37.5
6245,303948,846,37.5
6245,303948,847,37.5
6245,303948,848,37.5
6245,303948,849,37.4
6245,303948,850,37.4
6245,303948,851,37.4
6245,303948,852,37.4
6245,303948,853,37.4
6245,303948,854,37.3
6245,303948,855,37.3
6245,303948,856,37.3
6245,303948,857,37.3
6245,303948,858,37.2
6245,303948,859,37.2
6245,303948,860,37.2
6245,303948,861,37.2
6245,303948,862,37.2
6245,303948,863,37.2
6245,303948,864,37.2
6245,303948,865,37.1
6245,303948,866,37.1
6245,303948,867,37.1
6245,303948,868,37.1
6245,303948,869,37.1
6245,303948,870,37.0
6245,303948,871,37.0
6245,303948,872,37.0
6245,303948,873,37.0
6245,303948,874,37.0
6245,303948,875,36.9
6245,303948,876,36.9
6245,303948,877,36.9
6245,303948,878,36.9
6245,303948,879,36.9
6245,303948,880,36.9
6245,303948,881,36.8
6245,303948,882,36.8
6245,303948,883,36.8
6245,303948,884,36.8
6245,303948,885,36.8
6245,303948,886,36.8
6245,303948,887,36.8
6245,303948,888,36.7
6245,303948,889,36.7
6245,303948,890,36.7
6245,303948,891,36.7
6245,303948,892,36.7
6245,303948,893,36.6
6245,303948,894,36.6
6245,303948,895,36.6
6245,303948,896,36.5
6245,303948,897,36.6
6245,303948,898,36.5
6245,303948,899,36.5
6245,303948,900,36.5
6245,303948,901,36.4
6245,303948,902,36.5
6245,303948,903,36.4
6245,303948,904,36.4
6245,303948,905,36.4
6245,303948,906,36.4
6245,303948,907,36.4
6245,303948,908,36.3
6245,303948,909,36.3
6245,303948,910,36.3
6245,303948,911,36.3
6245,303948,912,36.3
6245,303948,913,36.2
6245,303948,914,36.2
6245,303948,915,36.2
6245,303948,916,36.2
6245,303948,917,36.2
6245,303948,918,36.2
6245,303948,919,36.1
6245,303948,920,36.2
6245,303948,921,36.1
6245,303948,922,36.1
6245,303948,923,36.1
6245,303948,924,36.1
6245,303948,925,36.1
6245,303948,926,36.0
6245,303948,927,36.0
6245,303948,928,36.0
6245,303948,929,36.0
6245,303948,930,36.0
6245,303948,931,35.9
6245,303948,932,36.0
6245,303948,933,35.9
6245,303948,934,35.9
6245,303948,935,35.9
6245,303948,936,35.9
6245,303948,937,35.8
6245,303948,938,35.9
6245,303948,939,35.8
6245,303948,940,35.8
6245,303948,941,35.8
6245,303948,942,35.8
6245,303948,943,35.8
6245,303948,944,35.8
6245,303948,945,35.8
6245,303948,946,35.7
6245,303948,947,35.7
6245,303948,948,35.7
6245,303948,949,35.7
6245,303948,950,35.7
6245,303948,951,35.7
6245,303948,952,35.7
6245,303948,953,35.6
6245,303948,954,35.6
6245,303948,955,35.6
6245,303948,956,35.6
6245,303948,957,35.6
6245,303948,958,35.5
6245,303948,959,35.5
6245,303948,960,35.5
6245,303948,961,35.5
6245,303948,962,35.5
6245,303948,963,35.5
6245,303948,964,35.5
6245,303948,965,35.5
6245,303948,966,35.5
6245,303948,967,35.4
6245,303948,968,35.4
6245,303948,969,35.4
6245,303948,970,35.4
6245,303948,971,35.4
6245,303948,972,35.3
6245,303948,973,35.3
6245,303948,974,35.3
6245,303948,975,35.3
6245,303948,976,35.2
6245,303948,977,35.0
6245,303948,978,35.0
6245,303948,979,35.1
6245,303948,980,35.0
6245,303948,981,35.0
6245,303948,982,35.0
6245,303948,983,35.0
6245,303948,984,35.0
6245,303948,985,34.9
6245,303948,986,34.9
6245,303948,987,34.9
6245,303948,988,34.8
6245,303948,989,34.8
6245,303948,990,34.8
6245,303948,991,34.8
6245,303948,992,34.8
6245,303948,993,34.8
6245,303948,994,34.8
6245,303948,995,34.8
6245,303948,996,34.7
6245,303948,997,34.7
6245,303948,998,34.7
6245,303948,999,34.7
6245,303948,1000,34.7
6245,303948,1001,34.7
6245,303948,1002,34.7
6245,303948,1003,34.7
6245,303948,1004,34.6
6245,303948,1005,34.7
6245,303948,1006,34.6
6245,303948,1007,34.6
6245,303948,1008,34.6
6245,303948,1009,34.5
6245,303948,1010,34.5
6245,303948,1011,34.5
6245,303948,1012,34.5
6245,303948,1013,34.5
6245,303948,1014,34.5
6245,303948,1015,34.4
6245,303948,1016,34.4
6245,303948,1017,34.4
6245,303948,1018,34.4
6245,303948,1019,34.4
6245,303948,1020,34.4
6245,303948,1021,34.4
6245,303948,1022,34.4
6245,303948,1023,34.3
6245,303948,1024,34.3
6245,303948,1025,34.3
6245,303948,1026,34.3
6245,303948,1027,34.3
6245,303948,1028,34.2
6245,303948,1029,34.2
6245,303948,1030,34.2
6245,303948,1031,34.2
6245,303948,1032,34.2
6245,303948,1033,34.2
6245,303948,1034,34.2
6245,303948,1035,34.1
6245,303948,1036,34.1
6245,303948,1037,34.1
6245,303948,1038,34.1
6245,303948,1039,34.1
6245,303948,1040,34.0
6245,303948,1041,34.0
6245,303948,1042,34.0
6245,303948,1043,34.0
6245,303948,1044,34.0
6245,303948,1045,34.0
6245,303948,1046,34.0
6245,303948,1047,33.9
6245,303948,1048,33.9
6245,303948,1049,33.9
6245,303948,1050,33.9
6245,303948,1051,33.9
6245,303948,1052,33.9
6245,303948,1053,33.8
6245,303948,1054,33.8
6245,303948,1055,33.9
6245,303948,1056,33.8
6245,303948,1057,33.8
6245,303948,1058,33.8
6245,303948,1059,33.8
6245,303948,1060,33.8
6245,303948,1061,33.8
6245,303948,1062,33.7
6245,303948,1063,33.7
6245,303948,1064,33.7
6245,303948,1065,33.7
6245,303948,1066,33.7
6245,303948,1067,32.1
6245,303948,1068,31.8
6245,303948,1069,33.7
6245,303948,1070,33.9
6245,303948,1071,33.9
6245,303948,1072,33.8
6245,303948,1073,33.8
6245,303948,1074,33.8
6245,303948,1075,33.8
6245,303948,1076,33.8
6245,303948,1077,33.8
6245,303948,1078,33.7
6245,303948,1079,33.7
6245,303948,1080,33.7
6245,303948,1081,33.7
6245,303948,1082,33.7
6245,303948,1083,33.7
6245,303948,1084,33.6
6245,303948,1085,33.6
6245,303948,1086,33.6
6245,303948,1087,33.6
6245,303948,1088,33.6
6245,303948,1089,33.6
6245,303948,1090,33.6
6245,303948,1091,33.5
6245,303948,1092,33.5
6245,303948,1093,33.5
6245,303948,1094,33.5
6245,303948,1095,33.5
6245,303948,1096,33.4
6245,303948,1097,33.5
6245,303948,1098,33.5
6245,303948,1099,33.4
6245,303948,1100,33.4
6245,303948,1101,33.4
6245,303948,1102,33.4
6245,303948,1103,33.4
6245,303948,1104,33.3
6245,303948,1105,33.4
6245,303948,1106,33.3
6245,303948,1107,33.3
6245,303948,1108,33.3
6245,303948,1109,33.3
6245,303948,1110,33.2
6245,303948,1111,33.2
6245,303948,1112,33.2
6245,303948,1113,33.2
6245,303948,1114,33.3
6245,303948,1115,33.1
6245,303948,1116,33.2
6245,303948,1117,33.1
6245,303948,1118,33.1
6245,303948,1119,33.1
6245,303948,1120,33.1
6245,303948,1121,33.1
6245,303948,1122,33.1
6245,303948,1123,33.1
6245,303948,1124,33.1
6245,303948,1125,33.0
6245,303948,1126,33.0
6245,303948,1127,33.0
6245,303948,1128,33.0
6245,303948,1129,33.0
6245,303948,1130,33.0
6245,303948,1131,33.0
6245,303948,1132,32.9
6245,303948,1133,32.9
6245,303948,1134,32.9
6245,303948,1135,32.9
6245,303948,1136,32.9
6245,303948,1137,32.9
6245,303948,1138,32.9
6245,303948,1139,32.8
6245,303948,1140,32.8
6245,303948,1141,32.8
6245,303948,1142,32.8
6245,303948,1143,32.8
6245,303948,1144,32.8
6245,303948,1145,32.8
6245,303948,1146,32.8
6245,303948,1147,32.7
6245,303948,1148,32.7
6245,303948,1149,32.7
6245,303948,1150,32.7
6245,303948,1151,32.7
6245,303948,1152,32.6
6245,303948,1153,32.6
6245,303948,1154,32.6
6245,303948,1155,32.6
6245,303948,1156,32.6
6245,303948,1157,32.6
6245,303948,1158,32.6
6245,303948,1159,32.6
6245,303948,1160,32.5
6245,303948,1161,32.5
6245,303948,1162,32.5
6245,303948,1163,32.5
6245,303948,1164,32.5
6245,303948,1165,32.4
6245,303948,1166,32.4
6245,303948,1167,32.4
6245,303948,1168,32.4
6245,303948,1169,32.4
6245,303948,1170,32.4
6245,303948,1171,32.4
6245,303948,1172,32.3
6245,303948,1173,32.3
6245,303948,1174,32.3
6245,303948,1175,32.3
6245,303948,1176,32.3
6245,303948,1177,32.3
6245,303948,1178,32.2
6245,303948,1179,32.3
6245,303948,1180,32.3
6245,303948,1181,32.2
6245,303948,1182,32.2
6245,303948,1183,32.2
6245,303948,1184,32.2
6245,303948,1185,32.1
6245,303948,1186,32.2
6245,303948,1187,32.1
6245,303948,1188,32.1
6245,303948,1189,32.1
6245,303948,1190,32.1
6245,303948,1191,32.1
6245,303948,1192,32.1
6245,303948,1193,32.1
6245,303948,1194,32.1
6245,303948,1195,32.0
6245,303948,1196,32.0
6245,303948,1197,32.0
6245,303948,1198,32.0
6245,303948,1199,32.0
6245,303948,1200,32.0
6245,303948,1201,32.0
6245,303948,1202,32.0
6245,303948,1203,32.0
6245,303948,1204,31.9
6245,303948,1205,31.9
6245,303948,1206,31.9
6245,303948,1207,31.9
6245,303948,1208,31.9
6245,303948,1209,31.9
6245,303948,1210,31.9
6245,303948,1211,31.8
6245,303948,1212,31.8
6245,303948,1213,31.8
6245,303948,1214,31.8
6245,303948,1215,31.8
6245,303948,1216,31.8
6245,303948,1217,31.8
6245,303948,1218,31.7
6245,303948,1219,31.7
6245,303948,1220,31.7
6245,303948,1221,31.7
6245,303948,1222,31.7
6245,303948,1223,31.7
6245,303948,1224,31.7
6245,303948,1225,31.7
6245,303948,1226,31.7
6245,303948,1227,31.7
6245,303948,1228,31.6
6245,303948,1229,31.6
6245,303948,1230,31.6
6245,303948,1231,31.6
6245,303948,1232,31.6
6245,303948,1233,31.6
6245,303948,1234,31.5
6245,303948,1235,31.5
6245,303948,1236,31.5
6245,303948,1237,31.5
6245,303948,1238,31.5
6245,303948,1239,31.5
6245,303948,1240,31.5
6245,303948,1241,31.5
6245,303948,1242,31.4
6245,303948,1243,31.4
6245,303948,1244,31.4
6245,303948,1245,31.4
6245,303948,1246,31.4
6245,303948,1247,31.4
6245,303948,1248,31.4
6245,303948,1249,31.4
6245,303948,1250,31.3
6245,303948,1251,31.3
6245,303948,1252,31.3
6245,303948,1253,31.3
6245,303948,1254,31.3
6245,303948,1255,31.3
6245,303948,1256,31.3
6245,303948,1257,31.2
6245,303948,1258,31.2
6245,303948,1259,31.2
6245,303948,1260,31.2
6245,303948,1261,31.2
6245,303948,1262,31.2
6245,303948,1263,31.2
6245,303948,1264,31.2
6245,303948,1265,31.2
6245,303948,1266,31.1
6245,303948,1267,31.1
6245,303948,1268,31.1
6245,303948,1269,31.1
6245,303948,1270,31.1
6245,303948,1271,31.1
6245,303948,1272,31.0
6245,303948,1273,31.0
6245,303948,1274,31.0
6245,303948,1275,31.0
6245,303948,1276,31.0
6245,303948,1277,31.0
6245,303948,1278,30.9
6245,303948,1279,30.9
6245,303948,1280,30.9
6245,303948,1281,30.9
6245,303948,1282,30.9
6245,303948,1283,30.9
6245,303948,1284,30.9
6245,303948,1285,30.9
6245,303948,1286,30.9
6245,303948,1287,30.8
6245,303948,1288,30.8
6245,303948,1289,30.8
6245,303948,1290,30.8
6245,303948,1291,30.8
6245,303948,1292,30.8
6245,303948,1293,31.6
6245,303948,1294,31.5
6245,303948,1295,31.0
6245,303948,1296,31.0
6245,303948,1297,31.0
6245,303948,1298,30.9
6245,303948,1299,30.9
6245,303948,1300,30.5
6245,303948,1301,30.4
6245,303948,1302,30.3
6245,303948,1303,30.2
6245,303948,1304,30.2
6245,303948,1305,30.2
6245,303948,1306,30.1
6245,303948,1307,28.7
6245,303948,1308,28.8
6245,303948,1309,27.4
6245,303948,1310,28.6
6245,303948,1311,30.1
6245,303948,1312,30.1
6245,303948,1313,30.1
6245,303948,1314,30.1
6245,303948,1315,30.1
6245,303948,1316,30.1
6245,303948,1317,30.0
6245,303948,1318,30.0
6245,303948,1319,30.0
6245,303948,1320,30.0
6245,303948,1321,30.0
6245,303948,1322,30.0
6245,303948,1323,30.0
6245,303948,1324,30.0
6245,303948,1325,30.0
6245,303948,1326,30.0
6245,303948,1327,29.9
6245,303948,1328,29.9
6245,303948,1329,29.9
6245,303948,1330,29.9
6245,303948,1331,29.9
6245,303948,1332,29.9
6245,303948,1333,29.8
6245,303948,1334,29.8
6245,303948,1335,29.8
6245,303948,1336,29.8
6245,303948,1337,29.8
6245,303948,1338,29.8
6245,303948,1339,29.8
6245,303948,1340,29.8
6245,303948,1341,29.8
6245,303948,1342,29.7
6245,303948,1343,29.7
6245,303948,1344,29.7
6245,303948,1345,29.7
6245,303948,1346,29.7
6245,303948,1347,29.7
6245,303948,1348,29.7
6245,303948,1349,29.6
6245,303948,1350,29.7
6245,303948,1351,29.6
6245,303948,1352,29.6
6245,303948,1353,29.6
6245,303948,1354,29.6
6245,303948,1355,29.6
6245,303948,1356,29.6
6245,303948,1357,29.6
6245,303948,1358,29.5
6245,303948,1359,29.5
6245,303948,1360,29.5
6245,303948,1361,29.5
6245,303948,1362,29.5
6245,303948,1363,29.5
6245,303948,1364,29.5
6245,303948,1365,29.5
6245,303948,1366,29.5
6245,303948,1367,29.4
6245,303948,1368,29.4
6245,303948,1369,29.4
6245,303948,1370,29.4
6245,303948,1371,29.4
6245,303948,1372,29.4
6245,303948,1373,29.4
6245,303948,1374,29.4
6245,303948,1375,29.3
6245,303948,1376,29.3
6245,303948,1377,29.3
6245,303948,1378,29.3
6245,303948,1379,29.3
6245,303948,1380,29.2
6245,303948,1381,29.3
6245,303948,1382,29.2
6245,303948,1383,29.2
6245,303948,1384,29.2
6245,303948,1385,29.2
6245,303948,1386,29.2
6245,303948,1387,29.2
6245,303948,1388,29.2
6245,303948,1389,29.2
6245,303948,1390,29.1
6245,303948,1391,29.1
6245,303948,1392,29.1
6245,303948,1393,29.1
6245,303948,1394,29.1
6245,303948,1395,29.1
6245,303948,1396,29.1
6245,303948,1397,29.1
6245,303948,1398,29.0
6245,303948,1399,29.0
6245,303948,1400,29.0
6245,303948,1401,29.0
6245,303948,1402,29.0
6245,303948,1403,29.0
6245,303948,1404,29.0
6245,303948,1405,28.9
6245,303948,1406,28.9
6245,303948,1407,28.9
6245,303948,1408,28.9
6245,303948,1409,28.9
6245,303948,1410,28.9
6245,303948,1411,28.9
6245,303948,1412,28.9
6245,303948,1413,28.8
6245,303948,1414,28.8
6245,303948,1415,28.8
6245,303948,1416,28.8
6245,303948,1417,28.8
6245,303948,1418,28.8
6245,303948,1419,28.8
6245,303948,1420,28.8
6245,303948,1421,28.7
6245,303948,1422,28.7
6245,303948,1423,28.7
6245,303948,1424,28.7
6245,303948,1425,28.7
6245,303948,1426,28.7
6245,303948,1427,28.7
6245,303948,1428,28.7
6245,303948,1429,28.6
6245,303948,1430,28.6
6245,303948,1431,28.6
6245,303948,1432,28.6
6245,303948,1433,28.6
6245,303948,1434,28.6
6245,303948,1435,28.6
6245,303948,1436,28.6
6245,303948,1437,28.5
6245,303948,1438,28.5
6245,303948,1439,28.5
6245,303948,1440,28.5
6245,303948,1441,28.5
6245,303948,1442,28.5
6245,303948,1443,28.5
6245,303948,1444,28.5
6245,303948,1445,28.3
6245,303948,1446,28.3
6245,303948,1447,28.2
6245,303948,1448,28.2
6245,303948,1449,28.2
6245,303948,1450,28.2
6245,303948,1451,28.2
6245,303948,1452,28.2
6245,303948,1453,28.1
6245,303948,1454,28.1
6245,303948,1455,28.1
6245,303948,1456,28.1
6245,303948,1457,28.1
6245,303948,1458,28.1
6245,303948,1459,28.1
6245,303948,1460,28.0
6245,303948,1461,28.1
6245,303948,1462,28.0
6245,303948,1463,28.0
6245,303948,1464,28.0
6245,303948,1465,28.0
6245,303948,1466,28.0
6245,303948,1467,28.0
6245,303948,1468,28.0
6245,303948,1469,27.9
6245,303948,1470,27.9
6245,303948,1471,27.9
6245,303948,1472,27.9
6245,303948,1473,27.9
6245,303948,1474,27.9
6245,303948,1475,27.9
6245,303948,1476,27.9
6245,303948,1477,27.9
6245,303948,1478,27.9
6245,303948,1479,27.8
6245,303948,1480,27.8
6245,303948,1481,27.8
6245,303948,1482,27.8
6245,303948,1483,27.8
6245,303948,1484,27.8
6245,303948,1485,27.8
6245,303948,1486,27.8
6245,303948,1487,27.8
6245,303948,1488,27.7
6245,303948,1489,27.7
6245,303948,1490,27.7
6245,303948,1491,27.7
6245,303948,1492,27.7
6245,303948,1493,27.7
6245,303948,1494,27.7
6245,303948,1495,27.7
6245,303948,1496,27.6
6245,303948,1497,27.6
6245,303948,1498,27.6
6245,303948,1499,27.6
6245,303948,1500,27.6
6245,303948,1501,27.6
6245,303948,1502,27.6
6245,303948,1503,27.6
6245,303948,1504,27.6
6245,303948,1505,27.6
6245,303948,1506,27.5
6245,303948,1507,27.5
6245,303948,1508,27.5
6245,303948,1509,27.5
6245,303948,1510,27.5
6245,303948,1511,27.5
6245,303948,1512,27.5
6245,303948,1513,27.5
6245,303948,1514,27.5
6245,303948,1515,27.4
6245,303948,1516,27.4
6245,303948,1517,27.3
6245,303948,1518,27.3
6245,303948,1519,27.3
6245,303948,1520,27.3
6245,303948,1521,27.3
6245,303948,1522,27.3
6245,303948,1523,27.3
6245,303948,1524,27.3
6245,303948,1525,27.3
6245,303948,1526,27.2
6245,303948,1527,27.2
6245,303948,1528,27.2
6245,303948,1529,27.2
6245,303948,1530,27.2
6245,303948,1531,27.2
6245,303948,1532,27.2
6245,303948,1533,27.2
6245,303948,1534,27.1
6245,303948,1535,27.1
6245,303948,1536,27.1
6245,303948,1537,27.1
6245,303948,1538,27.1
6245,303948,1539,27.1
6245,303948,1540,27.1
6245,303948,1541,27.1
6245,303948,1542,27.1
6245,303948,1543,27.0
6245,303948,1544,27.0
6245,303948,1545,27.0
6245,303948,1546,27.0
6245,303948,1547,27.0
6245,303948,1548,27.0
6245,303948,1549,27.0
6245,303948,1550,27.0
6245,303948,1551,27.0
6245,303948,1552,27.0
6245,303948,1553,26.9
6245,303948,1554,26.9
6245,303948,1555,26.9
6245,303948,1556,26.9
6245,303948,1557,26.9
6245,303948,1558,26.9
6245,303948,1559,26.9
6245,303948,1560,26.9
6245,303948,1561,26.9
6245,303948,1562,26.9
6245,303948,1563,26.8
6245,303948,1564,26.8
6245,303948,1565,26.8
6245,303948,1566,26.8
6245,303948,1567,26.8
6245,303948,1568,26.8
6245,303948,1569,26.8
6245,303948,1570,26.7
6245,303948,1571,26.7
6245,303948,1572,26.7
6245,303948,1573,26.7
6245,303948,1574,26.7
6245,303948,1575,26.7
6245,303948,1576,26.7
6245,303948,1577,26.7
6245,303948,1578,26.7
6245,303948,1579,26.7
6245,303948,1580,26.7
6245,303948,1581,26.7
6245,303948,1582,26.6
6245,303948,1583,26.6
6245,303948,1584,26.6
6245,303948,1585,26.6
6245,303948,1586,26.6
6245,303948,1587,26.6
6245,303948,1588,26.6
6245,303948,1589,26.6
6245,303948,1590,26.6
6245,303948,1591,26.6
6245,303948,1592,26.6
6245,303948,1593,26.5
6245,303948,1594,26.5
6245,303948,1595,26.5
6245,303948,1596,26.5
6245,303948,1597,26.5
6245,303948,1598,26.5
6245,303948,1599,26.5
6245,303948,1600,26.5
6245,303948,1601,26.5
6245,303948,1602,26.5
6245,303948,1603,26.4
6245,303948,1604,26.4
6245,303948,1605,26.4
6245,303948,1606,26.4
6245,303948,1607,26.4
6245,303948,1608,26.4
6245,303948,1609,26.4
6245,303948,1610,26.4
6245,303948,1611,26.4
6245,303948,1612,26.4
6245,303948,1613,26.3
6245,303948,1614,26.3
6245,303948,1615,26.3
6245,303948,1616,26.3
6245,303948,1617,26.3
6245,303948,1618,26.3
6245,303948,1619,26.3
6245,303948,1620,26.3
6245,303948,1621,26.2
6245,303948,1622,26.2
6245,303948,1623,26.2
6245,303948,1624,26.2
6245,303948,1625,26.2
6245,303948,1626,26.2
6245,303948,1627,26.2
6245,303948,1628,26.2
6245,303948,1629,26.2
6245,303948,1630,26.2
6245,303948,1631,26.1
6245,303948,1632,26.1
6245,303948,1633,26.1
6245,303948,1634,26.1
6245,303948,1635,26.1
6245,303948,1636,26.1
6245,303948,1637,26.1
6245,303948,1638,26.1
6245,303948,1639,26.1
6245,303948,1640,26.1
6245,303948,1641,26.1
6245,303948,1642,26.0
6245,303948,1643,26.0
6245,303948,1644,26.0
6245,303948,1645,26.0
6245,303948,1646,26.0
6245,303948,1647,26.0
6245,303948,1648,26.0
6245,303948,1649,26.0
6245,303948,1650,26.0
6245,303948,1651,26.0
6245,303948,1652,26.0
6245,303948,1653,25.9
6245,303948,1654,25.9
6245,303948,1655,25.9
6245,303948,1656,25.9
6245,303948,1657,25.9
6245,303948,1658,25.9
6245,303948,1659,25.9
6245,303948,1660,25.9
6245,303948,1661,25.8
6245,303948,1662,25.9
6245,303948,1663,25.9
6245,303948,1664,25.8
6245,303948,1665,25.8
6245,303948,1666,25.8
6245,303948,1667,25.8
6245,303948,1668,25.8
6245,303948,1669,25.8
6245,303948,1670,25.8
6245,303948,1671,25.8
6245,303948,1672,25.8
6245,303948,1673,25.8
6245,303948,1674,25.7
6245,303948,1675,25.7
6245,303948,1676,25.7
6245,303948,1677,25.7
6245,303948,1678,25.7
6245,303948,1725,25.1
6245,303948,1726,25.1
6245,303948,1727,25.1
6245,303948,1728,25.1
6245,303948,1729,25.1
6245,303948,1730,25.1
6245,303948,1731,25.0
6245,303948,1732,25.0
6245,303948,1733,25.0
6245,303948,1734,25.0
6245,303948,1735,25.0
6245,303948,1736,25.0
6245,303948,1737,25.0
6245,303948,1738,24.9
6245,303948,1739,24.9
6245,303948,1740,24.9
6245,303948,1741,24.9
6245,303948,1742,24.9
6245,303948,1743,24.9
6245,303948,1744,24.9
6245,303948,1745,24.9
6245,303948,1746,24.9
6245,303948,1747,24.9
6245,303948,1748,24.9
6245,303948,1749,24.9
6245,303948,1750,24.8
6245,303948,1751,24.8
6245,303948,1752,24.8
6245,303948,1753,24.8
6245,303948,1754,24.8
6245,303948,1755,24.8
6245,303948,1756,24.8
6245,303948,1757,24.8
6245,303948,1758,24.8
6245,303948,1759,24.8
6245,303948,1760,24.8
6245,303948,1761,24.7
6245,303948,1762,24.7
6245,303948,1763,24.7
6245,303948,1764,24.7
6245,303948,1765,24.7
6245,303948,1766,24.7
6245,303948,1767,24.7
6245,303948,1768,24.7
6245,303948,1769,24.7
6245,303948,1770,24.7
6245,303948,1771,24.6
6245,303948,1772,24.7
6245,303948,1773,24.6
6245,303948,1774,24.6
6245,303948,1775,24.6
6245,303948,1776,24.6
6245,303948,1777,24.6
6245,303948,1778,24.6
6245,303948,1779,24.6
6245,303948,1780,24.6
6245,303948,1781,24.6
6245,303948,1782,24.6
6245,303948,1783,24.6
6245,303948,1784,24.5
6245,303948,1785,24.5
6245,303948,1786,24.5
6245,303948,1787,24.5
6245,303948,1788,24.5
6245,303948,1789,24.5
6245,303948,1790,24.5
6245,303948,1791,24.5
6245,303948,1792,24.5
6245,303948,1793,24.5
6245,303948,1794,24.5
6245,303948,1795,24.4
6245,303948,1796,24.5
6245,303948,1797,24.4
6245,303948,1798,24.4
6245,303948,1799,24.4
6245,303948,1800,24.4
6245,303948,1801,24.4
6245,303948,1802,24.4
6245,303948,1803,24.4
6245,303948,1804,24.4
6245,303948,1805,24.4
6245,303948,1806,24.3
6245,303948,1807,24.4
6245,303948,1808,24.3
6245,303948,1809,24.3
6245,303948,1810,24.3
6245,303948,1811,24.3
6245,303948,1812,24.3
6245,303948,1813,24.3
6245,303948,1814,24.3
6245,303948,1815,24.3
6245,303948,1816,24.3
6245,303948,1817,24.3
6245,303948,1818,24.2
6245,303948,1819,24.2
6245,303948,1820,24.2
6245,303948,1821,24.2
6245,303948,1822,24.2
6245,303948,1823,24.2
6245,303948,1824,24.2
6245,303948,1825,24.2
6245,303948,1826,24.2
6245,303948,1827,24.2
6245,303948,1828,24.2
6245,303948,1829,24.2
6245,303948,1830,24.1
6245,303948,1831,24.2
6245,303948,1832,24.1
6245,303948,1833,24.1
